0 0 0 0 0 621
0 0 1 0 1 525
0 0 2 0 0 620
0 0 3 0 1 524
0 0 4 0 0 619
0 0 5 0 1 523
0 0 6 0 0 618
0 0 7 0 1 522
0 0 8 0 0 625
0 0 9 0 1 529
0 0 10 0 0 624
0 0 11 0 1 528
0 0 12 0 0 623
0 0 13 0 1 527
0 0 14 0 0 622
0 0 15 0 1 526
0 0 16 0 0 629
0 0 17 0 1 533
0 0 18 0 0 628
0 0 19 0 1 532
0 0 20 0 0 627
0 0 21 0 1 531
0 0 22 0 0 626
0 0 23 0 1 530
0 0 24 0 0 633
0 0 25 0 1 537
0 0 26 0 0 632
0 0 27 0 1 536
0 0 28 0 0 631
0 0 29 0 1 535
0 0 30 0 0 630
0 0 31 0 1 534
0 0 32 0 0 605
0 0 33 0 1 509
0 0 34 0 0 604
0 0 35 0 1 508
0 0 36 0 0 603
0 0 37 0 1 507
0 0 38 0 0 602
0 0 39 0 1 506
0 0 40 0 0 609
0 0 41 0 1 513
0 0 42 0 0 608
0 0 43 0 1 512
0 0 44 0 0 607
0 0 45 0 1 511
0 0 46 0 0 606
0 0 47 0 1 510
0 0 48 0 0 613
0 0 49 0 1 517
0 0 50 0 0 612
0 0 51 0 1 516
0 0 52 0 0 611
0 0 53 0 1 515
0 0 54 0 0 610
0 0 55 0 1 514
0 0 56 0 0 617
0 0 57 0 1 521
0 0 58 0 0 616
0 0 59 0 1 520
0 0 60 0 0 615
0 0 61 0 1 519
0 0 62 0 0 614
0 0 63 0 1 518
0 1 0 0 0 589
0 1 1 0 1 493
0 1 2 0 0 588
0 1 3 0 1 492
0 1 4 0 0 587
0 1 5 0 1 491
0 1 6 0 0 586
0 1 7 0 1 490
0 1 8 0 0 593
0 1 9 0 1 497
0 1 10 0 0 592
0 1 11 0 1 496
0 1 12 0 0 591
0 1 13 0 1 495
0 1 14 0 0 590
0 1 15 0 1 494
0 1 16 0 0 597
0 1 17 0 1 501
0 1 18 0 0 596
0 1 19 0 1 500
0 1 20 0 0 595
0 1 21 0 1 499
0 1 22 0 0 594
0 1 23 0 1 498
0 1 24 0 0 601
0 1 25 0 1 505
0 1 26 0 0 600
0 1 27 0 1 504
0 1 28 0 0 599
0 1 29 0 1 503
0 1 30 0 0 598
0 1 31 0 1 502
0 1 32 0 0 573
0 1 33 0 1 477
0 1 34 0 0 572
0 1 35 0 1 476
0 1 36 0 2 875
0 1 37 0 2 874
0 1 38 0 2 873
0 1 39 0 2 872
0 1 40 0 0 577
0 1 41 0 1 481
0 1 42 0 0 576
0 1 43 0 1 480
0 1 44 0 0 575
0 1 45 0 1 479
0 1 46 0 0 574
0 1 47 0 1 478
0 1 48 0 0 581
0 1 49 0 1 485
0 1 50 0 0 580
0 1 51 0 1 484
0 1 52 0 0 579
0 1 53 0 1 483
0 1 54 0 0 578
0 1 55 0 1 482
0 1 56 0 0 585
0 1 57 0 1 489
0 1 58 0 0 584
0 1 59 0 1 488
0 1 60 0 0 583
0 1 61 0 1 487
0 1 62 0 0 582
0 1 63 0 1 486
0 2 0 0 2 847
0 2 1 0 2 846
0 2 2 0 2 845
0 2 3 0 2 844
0 2 4 0 2 843
0 2 5 0 2 842
0 2 6 0 2 841
0 2 7 0 2 840
0 2 8 0 2 855
0 2 9 0 2 854
0 2 10 0 2 853
0 2 11 0 2 852
0 2 12 0 2 851
0 2 13 0 2 850
0 2 14 0 2 849
0 2 15 0 2 848
0 2 16 0 2 863
0 2 17 0 2 862
0 2 18 0 2 861
0 2 19 0 2 860
0 2 20 0 2 859
0 2 21 0 2 858
0 2 22 0 2 857
0 2 23 0 2 856
0 2 24 0 2 871
0 2 25 0 2 870
0 2 26 0 2 869
0 2 27 0 2 868
0 2 28 0 2 867
0 2 29 0 2 866
0 2 30 0 2 865
0 2 31 0 2 864
0 2 32 0 0 547
0 2 33 0 0 546
0 2 34 0 0 545
0 2 35 0 0 544
0 2 36 0 0 543
0 2 37 0 0 542
0 2 38 0 0 541
0 2 39 0 0 540
0 2 40 0 0 555
0 2 41 0 0 554
0 2 42 0 0 553
0 2 43 0 0 552
0 2 44 0 0 551
0 2 45 0 0 550
0 2 46 0 0 549
0 2 47 0 0 548
0 2 48 0 0 563
0 2 49 0 0 562
0 2 50 0 0 561
0 2 51 0 0 560
0 2 52 0 0 559
0 2 53 0 0 558
0 2 54 0 0 557
0 2 55 0 0 556
0 2 56 0 0 571
0 2 57 0 0 570
0 2 58 0 0 569
0 2 59 0 0 568
0 2 60 0 0 567
0 2 61 0 0 566
0 2 62 0 0 565
0 2 63 0 0 564
0 3 0 0 2 815
0 3 1 0 2 814
0 3 2 0 2 813
0 3 3 0 2 812
0 3 4 0 2 811
0 3 5 0 2 810
0 3 6 0 2 809
0 3 7 0 2 808
0 3 8 0 2 823
0 3 9 0 2 822
0 3 10 0 2 821
0 3 11 0 2 820
0 3 12 0 2 819
0 3 13 0 2 818
0 3 14 0 2 817
0 3 15 0 2 816
0 3 16 0 2 831
0 3 17 0 2 830
0 3 18 0 2 829
0 3 19 0 2 828
0 3 20 0 2 827
0 3 21 0 2 826
0 3 22 0 2 825
0 3 23 0 2 824
0 3 24 0 2 839
0 3 25 0 2 838
0 3 26 0 2 837
0 3 27 0 2 836
0 3 28 0 2 835
0 3 29 0 2 834
0 3 30 0 2 833
0 3 31 0 2 832
0 3 32 0 2 783
0 3 33 0 2 782
0 3 34 0 2 781
0 3 35 0 2 780
0 3 36 0 2 779
0 3 37 0 2 778
0 3 38 0 2 777
0 3 39 0 2 776
0 3 40 0 2 791
0 3 41 0 2 790
0 3 42 0 2 789
0 3 43 0 2 788
0 3 44 0 2 787
0 3 45 0 2 786
0 3 46 0 2 785
0 3 47 0 2 784
0 3 48 0 2 799
0 3 49 0 2 798
0 3 50 0 2 797
0 3 51 0 2 796
0 3 52 0 2 795
0 3 53 0 2 794
0 3 54 0 2 793
0 3 55 0 2 792
0 3 56 0 2 807
0 3 57 0 2 806
0 3 58 0 2 805
0 3 59 0 2 804
0 3 60 0 2 803
0 3 61 0 2 802
0 3 62 0 2 801
0 3 63 0 2 800
0 4 0 0 2 751
0 4 1 0 2 750
0 4 2 0 2 749
0 4 3 0 2 748
0 4 4 0 2 747
0 4 5 0 2 746
0 4 6 0 2 745
0 4 7 0 2 744
0 4 8 0 2 759
0 4 9 0 2 758
0 4 10 0 2 757
0 4 11 0 2 756
0 4 12 0 2 755
0 4 13 0 2 754
0 4 14 0 2 753
0 4 15 0 2 752
0 4 16 0 2 767
0 4 17 0 2 766
0 4 18 0 2 765
0 4 19 0 2 764
0 4 20 0 2 763
0 4 21 0 2 762
0 4 22 0 2 761
0 4 23 0 2 760
0 4 24 0 2 775
0 4 25 0 2 774
0 4 26 0 2 773
0 4 27 0 2 772
0 4 28 0 2 771
0 4 29 0 2 770
0 4 30 0 2 769
0 4 31 0 2 768
0 4 32 0 0 515
0 4 33 0 0 514
0 4 34 0 0 513
0 4 35 0 0 512
0 4 36 0 0 511
0 4 37 0 0 510
0 4 38 0 0 509
0 4 39 0 0 508
0 4 40 0 0 523
0 4 41 0 0 522
0 4 42 0 0 521
0 4 43 0 0 520
0 4 44 0 0 519
0 4 45 0 0 518
0 4 46 0 0 517
0 4 47 0 0 516
0 4 48 0 0 531
0 4 49 0 0 530
0 4 50 0 0 529
0 4 51 0 0 528
0 4 52 0 0 527
0 4 53 0 0 526
0 4 54 0 0 525
0 4 55 0 0 524
0 4 56 0 0 539
0 4 57 0 0 538
0 4 58 0 0 537
0 4 59 0 0 536
0 4 60 0 0 535
0 4 61 0 0 534
0 4 62 0 0 533
0 4 63 0 0 532
0 5 0 0 2 139
0 5 1 0 2 138
0 5 2 0 2 137
0 5 3 0 2 136
0 5 4 0 2 135
0 5 5 0 2 134
0 5 6 0 2 133
0 5 7 0 2 132
0 5 8 0 2 147
0 5 9 0 2 146
0 5 10 0 2 145
0 5 11 0 2 144
0 5 12 0 2 143
0 5 13 0 2 142
0 5 14 0 2 141
0 5 15 0 2 140
0 5 16 0 2 155
0 5 17 0 2 154
0 5 18 0 2 153
0 5 19 0 2 152
0 5 20 0 2 151
0 5 21 0 2 150
0 5 22 0 2 149
0 5 23 0 2 148
0 5 24 0 2 163
0 5 25 0 2 162
0 5 26 0 2 161
0 5 27 0 2 160
0 5 28 0 2 159
0 5 29 0 2 158
0 5 30 0 2 157
0 5 31 0 2 156
0 5 32 0 2 107
0 5 33 0 2 106
0 5 34 0 2 105
0 5 35 0 2 104
0 5 36 0 2 103
0 5 37 0 2 102
0 5 38 0 2 101
0 5 39 0 2 100
0 5 40 0 2 115
0 5 41 0 2 114
0 5 42 0 2 113
0 5 43 0 2 112
0 5 44 0 2 111
0 5 45 0 2 110
0 5 46 0 2 109
0 5 47 0 2 108
0 5 48 0 2 123
0 5 49 0 2 122
0 5 50 0 2 121
0 5 51 0 2 120
0 5 52 0 2 119
0 5 53 0 2 118
0 5 54 0 2 117
0 5 55 0 2 116
0 5 56 0 2 131
0 5 57 0 2 130
0 5 58 0 2 129
0 5 59 0 2 128
0 5 60 0 2 127
0 5 61 0 2 126
0 5 62 0 2 125
0 5 63 0 2 124
0 6 0 0 2 75
0 6 1 0 2 74
0 6 2 0 2 73
0 6 3 0 2 72
0 6 4 0 2 71
0 6 5 0 2 70
0 6 6 0 2 69
0 6 7 0 2 68
0 6 8 0 2 83
0 6 9 0 2 82
0 6 10 0 2 81
0 6 11 0 2 80
0 6 12 0 2 79
0 6 13 0 2 78
0 6 14 0 2 77
0 6 15 0 2 76
0 6 16 0 2 91
0 6 17 0 2 90
0 6 18 0 2 89
0 6 19 0 2 88
0 6 20 0 2 87
0 6 21 0 2 86
0 6 22 0 2 85
0 6 23 0 2 84
0 6 24 0 2 99
0 6 25 0 2 98
0 6 26 0 2 97
0 6 27 0 2 96
0 6 28 0 2 95
0 6 29 0 2 94
0 6 30 0 2 93
0 6 31 0 2 92
0 6 32 0 1 88
0 6 33 0 1 89
0 6 34 0 1 90
0 6 35 0 1 91
0 6 36 0 1 92
0 6 37 0 1 93
0 6 38 0 1 94
0 6 39 0 1 95
0 6 40 0 1 80
0 6 41 0 1 81
0 6 42 0 1 82
0 6 43 0 1 83
0 6 44 0 1 84
0 6 45 0 1 85
0 6 46 0 1 86
0 6 47 0 1 87
0 6 48 0 1 72
0 6 49 0 1 73
0 6 50 0 1 74
0 6 51 0 1 75
0 6 52 0 1 76
0 6 53 0 1 77
0 6 54 0 1 78
0 6 55 0 1 79
0 6 56 0 1 64
0 6 57 0 1 65
0 6 58 0 1 66
0 6 59 0 1 67
0 6 60 0 1 68
0 6 61 0 1 69
0 6 62 0 1 70
0 6 63 0 1 71
0 7 0 0 2 43
0 7 1 0 2 42
0 7 2 0 2 41
0 7 3 0 2 40
0 7 4 0 2 39
0 7 5 0 2 38
0 7 6 0 2 37
0 7 7 0 2 36
0 7 8 0 2 51
0 7 9 0 2 50
0 7 10 0 2 49
0 7 11 0 2 48
0 7 12 0 2 47
0 7 13 0 2 46
0 7 14 0 2 45
0 7 15 0 2 44
0 7 16 0 2 59
0 7 17 0 2 58
0 7 18 0 2 57
0 7 19 0 2 56
0 7 20 0 2 55
0 7 21 0 2 54
0 7 22 0 2 53
0 7 23 0 2 52
0 7 24 0 2 67
0 7 25 0 2 66
0 7 26 0 2 65
0 7 27 0 2 64
0 7 28 0 2 63
0 7 29 0 2 62
0 7 30 0 2 61
0 7 31 0 2 60
0 7 32 0 2 11
0 7 33 0 2 10
0 7 34 0 2 9
0 7 35 0 2 8
0 7 36 0 2 7
0 7 37 0 2 6
0 7 38 0 2 5
0 7 39 0 2 4
0 7 40 0 2 19
0 7 41 0 2 18
0 7 42 0 2 17
0 7 43 0 2 16
0 7 44 0 2 15
0 7 45 0 2 14
0 7 46 0 2 13
0 7 47 0 2 12
0 7 48 0 2 27
0 7 49 0 2 26
0 7 50 0 2 25
0 7 51 0 2 24
0 7 52 0 2 23
0 7 53 0 2 22
0 7 54 0 2 21
0 7 55 0 2 20
0 7 56 0 2 35
0 7 57 0 2 34
0 7 58 0 2 33
0 7 59 0 2 32
0 7 60 0 2 31
0 7 61 0 2 30
0 7 62 0 2 29
0 7 63 0 2 28
0 8 0 0 0 10
0 8 1 0 1 106
0 8 2 0 0 11
0 8 3 0 1 107
0 8 4 0 0 12
0 8 5 0 1 108
0 8 6 0 0 13
0 8 7 0 1 109
0 8 8 0 0 6
0 8 9 0 1 102
0 8 10 0 0 7
0 8 11 0 1 103
0 8 12 0 0 8
0 8 13 0 1 104
0 8 14 0 0 9
0 8 15 0 1 105
0 8 16 0 0 2
0 8 17 0 1 98
0 8 18 0 0 3
0 8 19 0 1 99
0 8 20 0 0 4
0 8 21 0 1 100
0 8 22 0 0 5
0 8 23 0 1 101
0 8 24 0 2 3
0 8 25 0 2 2
0 8 26 0 2 1
0 8 27 0 2 0
0 8 28 0 0 0
0 8 29 0 1 96
0 8 30 0 0 1
0 8 31 0 1 97
0 8 32 0 0 26
0 8 33 0 1 122
0 8 34 0 0 27
0 8 35 0 1 123
0 8 36 0 0 28
0 8 37 0 1 124
0 8 38 0 0 29
0 8 39 0 1 125
0 8 40 0 0 22
0 8 41 0 1 118
0 8 42 0 0 23
0 8 43 0 1 119
0 8 44 0 0 24
0 8 45 0 1 120
0 8 46 0 0 25
0 8 47 0 1 121
0 8 48 0 0 18
0 8 49 0 1 114
0 8 50 0 0 19
0 8 51 0 1 115
0 8 52 0 0 20
0 8 53 0 1 116
0 8 54 0 0 21
0 8 55 0 1 117
0 8 56 0 0 14
0 8 57 0 1 110
0 8 58 0 0 15
0 8 59 0 1 111
0 8 60 0 0 16
0 8 61 0 1 112
0 8 62 0 0 17
0 8 63 0 1 113
0 9 0 0 0 42
0 9 1 0 1 138
0 9 2 0 0 43
0 9 3 0 1 139
0 9 4 0 0 44
0 9 5 0 1 140
0 9 6 0 0 45
0 9 7 0 1 141
0 9 8 0 0 38
0 9 9 0 1 134
0 9 10 0 0 39
0 9 11 0 1 135
0 9 12 0 0 40
0 9 13 0 1 136
0 9 14 0 0 41
0 9 15 0 1 137
0 9 16 0 0 34
0 9 17 0 1 130
0 9 18 0 0 35
0 9 19 0 1 131
0 9 20 0 0 36
0 9 21 0 1 132
0 9 22 0 0 37
0 9 23 0 1 133
0 9 24 0 0 30
0 9 25 0 1 126
0 9 26 0 0 31
0 9 27 0 1 127
0 9 28 0 0 32
0 9 29 0 1 128
0 9 30 0 0 33
0 9 31 0 1 129
0 9 32 0 0 58
0 9 33 0 1 154
0 9 34 0 0 59
0 9 35 0 1 155
0 9 36 0 0 60
0 9 37 0 1 156
0 9 38 0 0 61
0 9 39 0 1 157
0 9 40 0 0 54
0 9 41 0 1 150
0 9 42 0 0 55
0 9 43 0 1 151
0 9 44 0 0 56
0 9 45 0 1 152
0 9 46 0 0 57
0 9 47 0 1 153
0 9 48 0 0 50
0 9 49 0 1 146
0 9 50 0 0 51
0 9 51 0 1 147
0 9 52 0 0 52
0 9 53 0 1 148
0 9 54 0 0 53
0 9 55 0 1 149
0 9 56 0 0 46
0 9 57 0 1 142
0 9 58 0 0 47
0 9 59 0 1 143
0 9 60 0 0 48
0 9 61 0 1 144
0 9 62 0 0 49
0 9 63 0 1 145
1 0 0 0 2 267
1 0 1 0 2 266
1 0 2 0 2 265
1 0 3 0 2 264
1 0 4 0 2 263
1 0 5 0 2 262
1 0 6 0 2 261
1 0 7 0 2 260
1 0 8 0 2 275
1 0 9 0 2 274
1 0 10 0 2 273
1 0 11 0 2 272
1 0 12 0 2 271
1 0 13 0 2 270
1 0 14 0 2 269
1 0 15 0 2 268
1 0 16 0 2 283
1 0 17 0 2 282
1 0 18 0 2 281
1 0 19 0 2 280
1 0 20 0 2 279
1 0 21 0 2 278
1 0 22 0 2 277
1 0 23 0 2 276
1 0 24 0 2 291
1 0 25 0 2 290
1 0 26 0 2 289
1 0 27 0 2 288
1 0 28 0 2 287
1 0 29 0 2 286
1 0 30 0 2 285
1 0 31 0 2 284
1 0 32 0 1 24
1 0 33 0 1 25
1 0 34 0 1 26
1 0 35 0 1 27
1 0 36 0 1 28
1 0 37 0 1 29
1 0 38 0 1 30
1 0 39 0 1 31
1 0 40 0 1 16
1 0 41 0 1 17
1 0 42 0 1 18
1 0 43 0 1 19
1 0 44 0 1 20
1 0 45 0 1 21
1 0 46 0 1 22
1 0 47 0 1 23
1 0 48 0 1 8
1 0 49 0 1 9
1 0 50 0 1 10
1 0 51 0 1 11
1 0 52 0 1 12
1 0 53 0 1 13
1 0 54 0 1 14
1 0 55 0 1 15
1 0 56 0 1 0
1 0 57 0 1 1
1 0 58 0 1 2
1 0 59 0 1 3
1 0 60 0 1 4
1 0 61 0 1 5
1 0 62 0 1 6
1 0 63 0 1 7
1 1 0 0 2 235
1 1 1 0 2 234
1 1 2 0 2 233
1 1 3 0 2 232
1 1 4 0 2 231
1 1 5 0 2 230
1 1 6 0 2 229
1 1 7 0 2 228
1 1 8 0 2 243
1 1 9 0 2 242
1 1 10 0 2 241
1 1 11 0 2 240
1 1 12 0 2 239
1 1 13 0 2 238
1 1 14 0 2 237
1 1 15 0 2 236
1 1 16 0 2 251
1 1 17 0 2 250
1 1 18 0 2 249
1 1 19 0 2 248
1 1 20 0 2 247
1 1 21 0 2 246
1 1 22 0 2 245
1 1 23 0 2 244
1 1 24 0 2 259
1 1 25 0 2 258
1 1 26 0 2 257
1 1 27 0 2 256
1 1 28 0 2 255
1 1 29 0 2 254
1 1 30 0 2 253
1 1 31 0 2 252
1 1 32 0 2 203
1 1 33 0 2 202
1 1 34 0 2 201
1 1 35 0 2 200
1 1 36 0 2 199
1 1 37 0 2 198
1 1 38 0 2 197
1 1 39 0 2 196
1 1 40 0 2 211
1 1 41 0 2 210
1 1 42 0 2 209
1 1 43 0 2 208
1 1 44 0 2 207
1 1 45 0 2 206
1 1 46 0 2 205
1 1 47 0 2 204
1 1 48 0 2 219
1 1 49 0 2 218
1 1 50 0 2 217
1 1 51 0 2 216
1 1 52 0 2 215
1 1 53 0 2 214
1 1 54 0 2 213
1 1 55 0 2 212
1 1 56 0 2 227
1 1 57 0 2 226
1 1 58 0 2 225
1 1 59 0 2 224
1 1 60 0 2 223
1 1 61 0 2 222
1 1 62 0 2 221
1 1 63 0 2 220
1 2 0 0 2 171
1 2 1 0 2 170
1 2 2 0 2 169
1 2 3 0 2 168
1 2 4 0 2 167
1 2 5 0 2 166
1 2 6 0 2 165
1 2 7 0 2 164
1 2 8 0 2 179
1 2 9 0 2 178
1 2 10 0 2 177
1 2 11 0 2 176
1 2 12 0 2 175
1 2 13 0 2 174
1 2 14 0 2 173
1 2 15 0 2 172
1 2 16 0 2 187
1 2 17 0 2 186
1 2 18 0 2 185
1 2 19 0 2 184
1 2 20 0 2 183
1 2 21 0 2 182
1 2 22 0 2 181
1 2 23 0 2 180
1 2 24 0 2 195
1 2 25 0 2 194
1 2 26 0 2 193
1 2 27 0 2 192
1 2 28 0 2 191
1 2 29 0 2 190
1 2 30 0 2 189
1 2 31 0 2 188
1 2 32 0 1 56
1 2 33 0 1 57
1 2 34 0 1 58
1 2 35 0 1 59
1 2 36 0 1 60
1 2 37 0 1 61
1 2 38 0 1 62
1 2 39 0 1 63
1 2 40 0 1 48
1 2 41 0 1 49
1 2 42 0 1 50
1 2 43 0 1 51
1 2 44 0 1 52
1 2 45 0 1 53
1 2 46 0 1 54
1 2 47 0 1 55
1 2 48 0 1 40
1 2 49 0 1 41
1 2 50 0 1 42
1 2 51 0 1 43
1 2 52 0 1 44
1 2 53 0 1 45
1 2 54 0 1 46
1 2 55 0 1 47
1 2 56 0 1 32
1 2 57 0 1 33
1 2 58 0 1 34
1 2 59 0 1 35
1 2 60 0 1 36
1 2 61 0 1 37
1 2 62 0 1 38
1 2 63 0 1 39
1 3 0 0 1 170
1 3 1 0 0 74
1 3 2 0 1 171
1 3 3 0 0 75
1 3 4 0 1 172
1 3 5 0 0 76
1 3 6 0 1 173
1 3 7 0 0 77
1 3 8 0 1 166
1 3 9 0 0 70
1 3 10 0 1 167
1 3 11 0 0 71
1 3 12 0 1 168
1 3 13 0 0 72
1 3 14 0 1 169
1 3 15 0 0 73
1 3 16 0 1 162
1 3 17 0 0 66
1 3 18 0 1 163
1 3 19 0 0 67
1 3 20 0 1 164
1 3 21 0 0 68
1 3 22 0 1 165
1 3 23 0 0 69
1 3 24 0 1 158
1 3 25 0 0 62
1 3 26 0 1 159
1 3 27 0 0 63
1 3 28 0 1 160
1 3 29 0 0 64
1 3 30 0 1 161
1 3 31 0 0 65
1 3 32 0 1 186
1 3 33 0 0 90
1 3 34 0 1 187
1 3 35 0 0 91
1 3 36 0 1 188
1 3 37 0 0 92
1 3 38 0 1 189
1 3 39 0 0 93
1 3 40 0 1 182
1 3 41 0 0 86
1 3 42 0 1 183
1 3 43 0 0 87
1 3 44 0 1 184
1 3 45 0 0 88
1 3 46 0 1 185
1 3 47 0 0 89
1 3 48 0 1 178
1 3 49 0 0 82
1 3 50 0 1 179
1 3 51 0 0 83
1 3 52 0 1 180
1 3 53 0 0 84
1 3 54 0 1 181
1 3 55 0 0 85
1 3 56 0 1 174
1 3 57 0 0 78
1 3 58 0 1 175
1 3 59 0 0 79
1 3 60 0 1 176
1 3 61 0 0 80
1 3 62 0 1 177
1 3 63 0 0 81
1 4 0 0 1 202
1 4 1 0 0 106
1 4 2 0 1 203
1 4 3 0 0 107
1 4 4 0 1 204
1 4 5 0 0 108
1 4 6 0 1 205
1 4 7 0 0 109
1 4 8 0 1 198
1 4 9 0 0 102
1 4 10 0 1 199
1 4 11 0 0 103
1 4 12 0 1 200
1 4 13 0 0 104
1 4 14 0 1 201
1 4 15 0 0 105
1 4 16 0 1 194
1 4 17 0 0 98
1 4 18 0 1 195
1 4 19 0 0 99
1 4 20 0 1 196
1 4 21 0 0 100
1 4 22 0 1 197
1 4 23 0 0 101
1 4 24 0 1 190
1 4 25 0 0 94
1 4 26 0 1 191
1 4 27 0 0 95
1 4 28 0 1 192
1 4 29 0 0 96
1 4 30 0 1 193
1 4 31 0 0 97
1 4 32 0 1 218
1 4 33 0 0 122
1 4 34 0 1 219
1 4 35 0 0 123
1 4 36 0 1 220
1 4 37 0 0 124
1 4 38 0 1 221
1 4 39 0 0 125
1 4 40 0 1 214
1 4 41 0 0 118
1 4 42 0 1 215
1 4 43 0 0 119
1 4 44 0 1 216
1 4 45 0 0 120
1 4 46 0 1 217
1 4 47 0 0 121
1 4 48 0 1 210
1 4 49 0 0 114
1 4 50 0 1 211
1 4 51 0 0 115
1 4 52 0 1 212
1 4 53 0 0 116
1 4 54 0 1 213
1 4 55 0 0 117
1 4 56 0 1 206
1 4 57 0 0 110
1 4 58 0 1 207
1 4 59 0 0 111
1 4 60 0 1 208
1 4 61 0 0 112
1 4 62 0 1 209
1 4 63 0 0 113
1 5 0 0 1 589
1 5 1 0 0 685
1 5 2 0 1 588
1 5 3 0 0 684
1 5 4 0 1 587
1 5 5 0 0 683
1 5 6 0 1 586
1 5 7 0 0 682
1 5 8 0 1 593
1 5 9 0 0 689
1 5 10 0 1 592
1 5 11 0 0 688
1 5 12 0 1 591
1 5 13 0 0 687
1 5 14 0 1 590
1 5 15 0 0 686
1 5 16 0 1 597
1 5 17 0 0 693
1 5 18 0 1 596
1 5 19 0 0 692
1 5 20 0 1 595
1 5 21 0 0 691
1 5 22 0 1 594
1 5 23 0 0 690
1 5 24 0 1 601
1 5 25 0 0 697
1 5 26 0 1 600
1 5 27 0 0 696
1 5 28 0 1 599
1 5 29 0 0 695
1 5 30 0 1 598
1 5 31 0 0 694
1 5 32 0 1 573
1 5 33 0 0 669
1 5 34 0 1 572
1 5 35 0 0 668
1 5 36 0 1 571
1 5 37 0 0 667
1 5 38 0 1 570
1 5 39 0 0 666
1 5 40 0 1 577
1 5 41 0 0 673
1 5 42 0 1 576
1 5 43 0 0 672
1 5 44 0 1 575
1 5 45 0 0 671
1 5 46 0 1 574
1 5 47 0 0 670
1 5 48 0 1 581
1 5 49 0 0 677
1 5 50 0 1 580
1 5 51 0 0 676
1 5 52 0 1 579
1 5 53 0 0 675
1 5 54 0 1 578
1 5 55 0 0 674
1 5 56 0 1 585
1 5 57 0 0 681
1 5 58 0 1 584
1 5 59 0 0 680
1 5 60 0 1 583
1 5 61 0 0 679
1 5 62 0 1 582
1 5 63 0 0 678
1 6 0 0 1 557
1 6 1 0 0 653
1 6 2 0 1 556
1 6 3 0 0 652
1 6 4 0 1 555
1 6 5 0 0 651
1 6 6 0 1 554
1 6 7 0 0 650
1 6 8 0 1 561
1 6 9 0 0 657
1 6 10 0 1 560
1 6 11 0 0 656
1 6 12 0 1 559
1 6 13 0 0 655
1 6 14 0 1 558
1 6 15 0 0 654
1 6 16 0 1 565
1 6 17 0 0 661
1 6 18 0 1 564
1 6 19 0 0 660
1 6 20 0 1 563
1 6 21 0 0 659
1 6 22 0 1 562
1 6 23 0 0 658
1 6 24 0 1 569
1 6 25 0 0 665
1 6 26 0 1 568
1 6 27 0 0 664
1 6 28 0 1 567
1 6 29 0 0 663
1 6 30 0 1 566
1 6 31 0 0 662
1 6 32 0 1 541
1 6 33 0 0 637
1 6 34 0 1 540
1 6 35 0 0 636
1 6 36 0 1 539
1 6 37 0 0 635
1 6 38 0 1 538
1 6 39 0 0 634
1 6 40 0 1 545
1 6 41 0 0 641
1 6 42 0 1 544
1 6 43 0 0 640
1 6 44 0 1 543
1 6 45 0 0 639
1 6 46 0 1 542
1 6 47 0 0 638
1 6 48 0 1 549
1 6 49 0 0 645
1 6 50 0 1 548
1 6 51 0 0 644
1 6 52 0 1 547
1 6 53 0 0 643
1 6 54 0 1 546
1 6 55 0 0 642
1 6 56 0 1 553
1 6 57 0 0 649
1 6 58 0 1 552
1 6 59 0 0 648
1 6 60 0 1 551
1 6 61 0 0 647
1 6 62 0 1 550
1 6 63 0 0 646
1 7 0 0 2 719
1 7 1 0 2 718
1 7 2 0 2 717
1 7 3 0 2 716
1 7 4 0 2 715
1 7 5 0 2 714
1 7 6 0 2 713
1 7 7 0 2 712
1 7 8 0 2 727
1 7 9 0 2 726
1 7 10 0 2 725
1 7 11 0 2 724
1 7 12 0 2 723
1 7 13 0 2 722
1 7 14 0 2 721
1 7 15 0 2 720
1 7 16 0 2 735
1 7 17 0 2 734
1 7 18 0 2 733
1 7 19 0 2 732
1 7 20 0 2 731
1 7 21 0 2 730
1 7 22 0 2 729
1 7 23 0 2 728
1 7 24 0 2 743
1 7 25 0 2 742
1 7 26 0 2 741
1 7 27 0 2 740
1 7 28 0 2 739
1 7 29 0 2 738
1 7 30 0 2 737
1 7 31 0 2 736
1 7 32 0 2 687
1 7 33 0 2 686
1 7 34 0 2 685
1 7 35 0 2 684
1 7 36 0 2 683
1 7 37 0 2 682
1 7 38 0 2 681
1 7 39 0 2 680
1 7 40 0 2 695
1 7 41 0 2 694
1 7 42 0 2 693
1 7 43 0 2 692
1 7 44 0 2 691
1 7 45 0 2 690
1 7 46 0 2 689
1 7 47 0 2 688
1 7 48 0 2 703
1 7 49 0 2 702
1 7 50 0 2 701
1 7 51 0 2 700
1 7 52 0 2 699
1 7 53 0 2 698
1 7 54 0 2 697
1 7 55 0 2 696
1 7 56 0 2 711
1 7 57 0 2 710
1 7 58 0 2 709
1 7 59 0 2 708
1 7 60 0 2 707
1 7 61 0 2 706
1 7 62 0 2 705
1 7 63 0 2 704
1 8 0 0 2 655
1 8 1 0 2 654
1 8 2 0 2 653
1 8 3 0 2 652
1 8 4 0 2 651
1 8 5 0 2 650
1 8 6 0 2 649
1 8 7 0 2 648
1 8 8 0 2 663
1 8 9 0 2 662
1 8 10 0 2 661
1 8 11 0 2 660
1 8 12 0 2 659
1 8 13 0 2 658
1 8 14 0 2 657
1 8 15 0 2 656
1 8 16 0 2 671
1 8 17 0 2 670
1 8 18 0 2 669
1 8 19 0 2 668
1 8 20 0 2 667
1 8 21 0 2 666
1 8 22 0 2 665
1 8 23 0 2 664
1 8 24 0 2 679
1 8 25 0 2 678
1 8 26 0 2 677
1 8 27 0 2 676
1 8 28 0 2 675
1 8 29 0 2 674
1 8 30 0 2 673
1 8 31 0 2 672
1 8 32 0 0 483
1 8 33 0 0 482
1 8 34 0 0 481
1 8 35 0 0 480
1 8 36 0 0 479
1 8 37 0 0 478
1 8 38 0 0 477
1 8 39 0 0 476
1 8 40 0 0 491
1 8 41 0 0 490
1 8 42 0 0 489
1 8 43 0 0 488
1 8 44 0 0 487
1 8 45 0 0 486
1 8 46 0 0 485
1 8 47 0 0 484
1 8 48 0 0 499
1 8 49 0 0 498
1 8 50 0 0 497
1 8 51 0 0 496
1 8 52 0 0 495
1 8 53 0 0 494
1 8 54 0 0 493
1 8 55 0 0 492
1 8 56 0 0 507
1 8 57 0 0 506
1 8 58 0 0 505
1 8 59 0 0 504
1 8 60 0 0 503
1 8 61 0 0 502
1 8 62 0 0 501
1 8 63 0 0 500
1 9 0 0 2 623
1 9 1 0 2 622
1 9 2 0 2 621
1 9 3 0 2 620
1 9 4 0 2 619
1 9 5 0 2 618
1 9 6 0 2 617
1 9 7 0 2 616
1 9 8 0 2 631
1 9 9 0 2 630
1 9 10 0 2 629
1 9 11 0 2 628
1 9 12 0 2 627
1 9 13 0 2 626
1 9 14 0 2 625
1 9 15 0 2 624
1 9 16 0 2 639
1 9 17 0 2 638
1 9 18 0 2 637
1 9 19 0 2 636
1 9 20 0 2 635
1 9 21 0 2 634
1 9 22 0 2 633
1 9 23 0 2 632
1 9 24 0 2 647
1 9 25 0 2 646
1 9 26 0 2 645
1 9 27 0 2 644
1 9 28 0 2 643
1 9 29 0 2 642
1 9 30 0 2 641
1 9 31 0 2 640
1 9 32 0 2 591
1 9 33 0 2 590
1 9 34 0 2 589
1 9 35 0 2 588
1 9 36 0 2 587
1 9 37 0 2 586
1 9 38 0 2 585
1 9 39 0 2 584
1 9 40 0 2 599
1 9 41 0 2 598
1 9 42 0 2 597
1 9 43 0 2 596
1 9 44 0 2 595
1 9 45 0 2 594
1 9 46 0 2 593
1 9 47 0 2 592
1 9 48 0 2 607
1 9 49 0 2 606
1 9 50 0 2 605
1 9 51 0 2 604
1 9 52 0 2 603
1 9 53 0 2 602
1 9 54 0 2 601
1 9 55 0 2 600
1 9 56 0 2 615
1 9 57 0 2 614
1 9 58 0 2 613
1 9 59 0 2 612
1 9 60 0 2 611
1 9 61 0 2 610
1 9 62 0 2 609
1 9 63 0 2 608
2 0 0 0 1 234
2 0 1 0 0 138
2 0 2 0 1 235
2 0 3 0 0 139
2 0 4 0 1 236
2 0 5 0 0 140
2 0 6 0 1 237
2 0 7 0 0 141
2 0 8 0 1 230
2 0 9 0 0 134
2 0 10 0 1 231
2 0 11 0 0 135
2 0 12 0 1 232
2 0 13 0 0 136
2 0 14 0 1 233
2 0 15 0 0 137
2 0 16 0 1 226
2 0 17 0 0 130
2 0 18 0 1 227
2 0 19 0 0 131
2 0 20 0 1 228
2 0 21 0 0 132
2 0 22 0 1 229
2 0 23 0 0 133
2 0 24 0 1 222
2 0 25 0 0 126
2 0 26 0 1 223
2 0 27 0 0 127
2 0 28 0 1 224
2 0 29 0 0 128
2 0 30 0 1 225
2 0 31 0 0 129
2 0 32 0 1 250
2 0 33 0 0 154
2 0 34 0 1 251
2 0 35 0 0 155
2 0 36 0 1 252
2 0 37 0 0 156
2 0 38 0 1 253
2 0 39 0 0 157
2 0 40 0 1 246
2 0 41 0 0 150
2 0 42 0 1 247
2 0 43 0 0 151
2 0 44 0 1 248
2 0 45 0 0 152
2 0 46 0 1 249
2 0 47 0 0 153
2 0 48 0 1 242
2 0 49 0 0 146
2 0 50 0 1 243
2 0 51 0 0 147
2 0 52 0 1 244
2 0 53 0 0 148
2 0 54 0 1 245
2 0 55 0 0 149
2 0 56 0 1 238
2 0 57 0 0 142
2 0 58 0 1 239
2 0 59 0 0 143
2 0 60 0 1 240
2 0 61 0 0 144
2 0 62 0 1 241
2 0 63 0 0 145
2 1 0 0 1 266
2 1 1 0 0 170
2 1 2 0 1 267
2 1 3 0 0 171
2 1 4 0 1 268
2 1 5 0 0 172
2 1 6 0 1 269
2 1 7 0 0 173
2 1 8 0 1 262
2 1 9 0 0 166
2 1 10 0 1 263
2 1 11 0 0 167
2 1 12 0 1 264
2 1 13 0 0 168
2 1 14 0 1 265
2 1 15 0 0 169
2 1 16 0 1 258
2 1 17 0 0 162
2 1 18 0 1 259
2 1 19 0 0 163
2 1 20 0 1 260
2 1 21 0 0 164
2 1 22 0 1 261
2 1 23 0 0 165
2 1 24 0 1 254
2 1 25 0 0 158
2 1 26 0 1 255
2 1 27 0 0 159
2 1 28 0 1 256
2 1 29 0 0 160
2 1 30 0 1 257
2 1 31 0 0 161
2 1 32 0 1 282
2 1 33 0 0 186
2 1 34 0 1 283
2 1 35 0 0 187
2 1 36 0 1 284
2 1 37 0 0 188
2 1 38 0 1 285
2 1 39 0 0 189
2 1 40 0 1 278
2 1 41 0 0 182
2 1 42 0 1 279
2 1 43 0 0 183
2 1 44 0 1 280
2 1 45 0 0 184
2 1 46 0 1 281
2 1 47 0 0 185
2 1 48 0 1 274
2 1 49 0 0 178
2 1 50 0 1 275
2 1 51 0 0 179
2 1 52 0 1 276
2 1 53 0 0 180
2 1 54 0 1 277
2 1 55 0 0 181
2 1 56 0 1 270
2 1 57 0 0 174
2 1 58 0 1 271
2 1 59 0 0 175
2 1 60 0 1 272
2 1 61 0 0 176
2 1 62 0 1 273
2 1 63 0 0 177
2 2 0 0 1 298
2 2 1 0 0 202
2 2 2 0 1 299
2 2 3 0 0 203
2 2 4 0 1 300
2 2 5 0 0 204
2 2 6 0 1 301
2 2 7 0 0 205
2 2 8 0 1 294
2 2 9 0 0 198
2 2 10 0 1 295
2 2 11 0 0 199
2 2 12 0 1 296
2 2 13 0 0 200
2 2 14 0 1 297
2 2 15 0 0 201
2 2 16 0 1 290
2 2 17 0 0 194
2 2 18 0 1 291
2 2 19 0 0 195
2 2 20 0 1 292
2 2 21 0 0 196
2 2 22 0 1 293
2 2 23 0 0 197
2 2 24 0 1 286
2 2 25 0 0 190
2 2 26 0 1 287
2 2 27 0 0 191
2 2 28 0 1 288
2 2 29 0 0 192
2 2 30 0 1 289
2 2 31 0 0 193
2 2 32 0 1 314
2 2 33 0 0 218
2 2 34 0 1 315
2 2 35 0 0 219
2 2 36 0 1 316
2 2 37 0 0 220
2 2 38 0 1 317
2 2 39 0 0 221
2 2 40 0 1 310
2 2 41 0 0 214
2 2 42 0 1 311
2 2 43 0 0 215
2 2 44 0 1 312
2 2 45 0 0 216
2 2 46 0 1 313
2 2 47 0 0 217
2 2 48 0 1 306
2 2 49 0 0 210
2 2 50 0 1 307
2 2 51 0 0 211
2 2 52 0 1 308
2 2 53 0 0 212
2 2 54 0 1 309
2 2 55 0 0 213
2 2 56 0 1 302
2 2 57 0 0 206
2 2 58 0 1 303
2 2 59 0 0 207
2 2 60 0 1 304
2 2 61 0 0 208
2 2 62 0 1 305
2 2 63 0 0 209
2 3 0 0 1 330
2 3 1 0 0 234
2 3 2 0 1 331
2 3 3 0 0 235
2 3 4 0 1 332
2 3 5 0 0 236
2 3 6 0 1 333
2 3 7 0 0 237
2 3 8 0 1 326
2 3 9 0 0 230
2 3 10 0 1 327
2 3 11 0 0 231
2 3 12 0 1 328
2 3 13 0 0 232
2 3 14 0 1 329
2 3 15 0 0 233
2 3 16 0 1 322
2 3 17 0 0 226
2 3 18 0 1 323
2 3 19 0 0 227
2 3 20 0 1 324
2 3 21 0 0 228
2 3 22 0 1 325
2 3 23 0 0 229
2 3 24 0 1 318
2 3 25 0 0 222
2 3 26 0 1 319
2 3 27 0 0 223
2 3 28 0 1 320
2 3 29 0 0 224
2 3 30 0 1 321
2 3 31 0 0 225
2 3 32 0 1 346
2 3 33 0 0 250
2 3 34 0 1 347
2 3 35 0 0 251
2 3 36 0 1 348
2 3 37 0 0 252
2 3 38 0 1 349
2 3 39 0 0 253
2 3 40 0 1 342
2 3 41 0 0 246
2 3 42 0 1 343
2 3 43 0 0 247
2 3 44 0 1 344
2 3 45 0 0 248
2 3 46 0 1 345
2 3 47 0 0 249
2 3 48 0 1 338
2 3 49 0 0 242
2 3 50 0 1 339
2 3 51 0 0 243
2 3 52 0 1 340
2 3 53 0 0 244
2 3 54 0 1 341
2 3 55 0 0 245
2 3 56 0 1 334
2 3 57 0 0 238
2 3 58 0 1 335
2 3 59 0 0 239
2 3 60 0 1 336
2 3 61 0 0 240
2 3 62 0 1 337
2 3 63 0 0 241
2 4 0 0 1 362
2 4 1 0 0 266
2 4 2 0 1 363
2 4 3 0 0 267
2 4 4 0 1 364
2 4 5 0 0 268
2 4 6 0 1 365
2 4 7 0 0 269
2 4 8 0 1 358
2 4 9 0 0 262
2 4 10 0 1 359
2 4 11 0 0 263
2 4 12 0 1 360
2 4 13 0 0 264
2 4 14 0 1 361
2 4 15 0 0 265
2 4 16 0 1 354
2 4 17 0 0 258
2 4 18 0 1 355
2 4 19 0 0 259
2 4 20 0 1 356
2 4 21 0 0 260
2 4 22 0 1 357
2 4 23 0 0 261
2 4 24 0 1 350
2 4 25 0 0 254
2 4 26 0 1 351
2 4 27 0 0 255
2 4 28 0 1 352
2 4 29 0 0 256
2 4 30 0 1 353
2 4 31 0 0 257
2 4 32 0 1 378
2 4 33 0 0 282
2 4 34 0 1 379
2 4 35 0 0 283
2 4 36 0 1 380
2 4 37 0 0 284
2 4 38 0 1 381
2 4 39 0 0 285
2 4 40 0 1 374
2 4 41 0 0 278
2 4 42 0 1 375
2 4 43 0 0 279
2 4 44 0 1 376
2 4 45 0 0 280
2 4 46 0 1 377
2 4 47 0 0 281
2 4 48 0 1 370
2 4 49 0 0 274
2 4 50 0 1 371
2 4 51 0 0 275
2 4 52 0 1 372
2 4 53 0 0 276
2 4 54 0 1 373
2 4 55 0 0 277
2 4 56 0 1 366
2 4 57 0 0 270
2 4 58 0 1 367
2 4 59 0 0 271
2 4 60 0 1 368
2 4 61 0 0 272
2 4 62 0 1 369
2 4 63 0 0 273
2 5 0 0 1 749
2 5 1 0 0 845
2 5 2 0 1 748
2 5 3 0 0 844
2 5 4 0 1 747
2 5 5 0 0 843
2 5 6 0 1 746
2 5 7 0 0 842
2 5 8 0 1 753
2 5 9 0 0 849
2 5 10 0 1 752
2 5 11 0 0 848
2 5 12 0 1 751
2 5 13 0 0 847
2 5 14 0 1 750
2 5 15 0 0 846
2 5 16 0 1 757
2 5 17 0 0 853
2 5 18 0 1 756
2 5 19 0 0 852
2 5 20 0 1 755
2 5 21 0 0 851
2 5 22 0 1 754
2 5 23 0 0 850
2 5 24 0 1 761
2 5 25 0 0 857
2 5 26 0 1 760
2 5 27 0 0 856
2 5 28 0 1 759
2 5 29 0 0 855
2 5 30 0 1 758
2 5 31 0 0 854
2 5 32 0 1 733
2 5 33 0 0 829
2 5 34 0 1 732
2 5 35 0 0 828
2 5 36 0 1 731
2 5 37 0 0 827
2 5 38 0 1 730
2 5 39 0 0 826
2 5 40 0 1 737
2 5 41 0 0 833
2 5 42 0 1 736
2 5 43 0 0 832
2 5 44 0 1 735
2 5 45 0 0 831
2 5 46 0 1 734
2 5 47 0 0 830
2 5 48 0 1 741
2 5 49 0 0 837
2 5 50 0 1 740
2 5 51 0 0 836
2 5 52 0 1 739
2 5 53 0 0 835
2 5 54 0 1 738
2 5 55 0 0 834
2 5 56 0 1 745
2 5 57 0 0 841
2 5 58 0 1 744
2 5 59 0 0 840
2 5 60 0 1 743
2 5 61 0 0 839
2 5 62 0 1 742
2 5 63 0 0 838
2 6 0 0 1 717
2 6 1 0 0 813
2 6 2 0 1 716
2 6 3 0 0 812
2 6 4 0 1 715
2 6 5 0 0 811
2 6 6 0 1 714
2 6 7 0 0 810
2 6 8 0 1 721
2 6 9 0 0 817
2 6 10 0 1 720
2 6 11 0 0 816
2 6 12 0 1 719
2 6 13 0 0 815
2 6 14 0 1 718
2 6 15 0 0 814
2 6 16 0 1 725
2 6 17 0 0 821
2 6 18 0 1 724
2 6 19 0 0 820
2 6 20 0 1 723
2 6 21 0 0 819
2 6 22 0 1 722
2 6 23 0 0 818
2 6 24 0 1 729
2 6 25 0 0 825
2 6 26 0 1 728
2 6 27 0 0 824
2 6 28 0 1 727
2 6 29 0 0 823
2 6 30 0 1 726
2 6 31 0 0 822
2 6 32 0 1 701
2 6 33 0 0 797
2 6 34 0 1 700
2 6 35 0 0 796
2 6 36 0 1 699
2 6 37 0 0 795
2 6 38 0 1 698
2 6 39 0 0 794
2 6 40 0 1 705
2 6 41 0 0 801
2 6 42 0 1 704
2 6 43 0 0 800
2 6 44 0 1 703
2 6 45 0 0 799
2 6 46 0 1 702
2 6 47 0 0 798
2 6 48 0 1 709
2 6 49 0 0 805
2 6 50 0 1 708
2 6 51 0 0 804
2 6 52 0 1 707
2 6 53 0 0 803
2 6 54 0 1 706
2 6 55 0 0 802
2 6 56 0 1 713
2 6 57 0 0 809
2 6 58 0 1 712
2 6 59 0 0 808
2 6 60 0 1 711
2 6 61 0 0 807
2 6 62 0 1 710
2 6 63 0 0 806
2 7 0 0 1 685
2 7 1 0 0 781
2 7 2 0 1 684
2 7 3 0 0 780
2 7 4 0 1 683
2 7 5 0 0 779
2 7 6 0 1 682
2 7 7 0 0 778
2 7 8 0 1 689
2 7 9 0 0 785
2 7 10 0 1 688
2 7 11 0 0 784
2 7 12 0 1 687
2 7 13 0 0 783
2 7 14 0 1 686
2 7 15 0 0 782
2 7 16 0 1 693
2 7 17 0 0 789
2 7 18 0 1 692
2 7 19 0 0 788
2 7 20 0 1 691
2 7 21 0 0 787
2 7 22 0 1 690
2 7 23 0 0 786
2 7 24 0 1 697
2 7 25 0 0 793
2 7 26 0 1 696
2 7 27 0 0 792
2 7 28 0 1 695
2 7 29 0 0 791
2 7 30 0 1 694
2 7 31 0 0 790
2 7 32 0 1 669
2 7 33 0 0 765
2 7 34 0 1 668
2 7 35 0 0 764
2 7 36 0 1 667
2 7 37 0 0 763
2 7 38 0 1 666
2 7 39 0 0 762
2 7 40 0 1 673
2 7 41 0 0 769
2 7 42 0 1 672
2 7 43 0 0 768
2 7 44 0 1 671
2 7 45 0 0 767
2 7 46 0 1 670
2 7 47 0 0 766
2 7 48 0 1 677
2 7 49 0 0 773
2 7 50 0 1 676
2 7 51 0 0 772
2 7 52 0 1 675
2 7 53 0 0 771
2 7 54 0 1 674
2 7 55 0 0 770
2 7 56 0 1 681
2 7 57 0 0 777
2 7 58 0 1 680
2 7 59 0 0 776
2 7 60 0 1 679
2 7 61 0 0 775
2 7 62 0 1 678
2 7 63 0 0 774
2 8 0 0 1 653
2 8 1 0 0 749
2 8 2 0 1 652
2 8 3 0 0 748
2 8 4 0 1 651
2 8 5 0 0 747
2 8 6 0 1 650
2 8 7 0 0 746
2 8 8 0 1 657
2 8 9 0 0 753
2 8 10 0 1 656
2 8 11 0 0 752
2 8 12 0 1 655
2 8 13 0 0 751
2 8 14 0 1 654
2 8 15 0 0 750
2 8 16 0 1 661
2 8 17 0 0 757
2 8 18 0 1 660
2 8 19 0 0 756
2 8 20 0 1 659
2 8 21 0 0 755
2 8 22 0 1 658
2 8 23 0 0 754
2 8 24 0 1 665
2 8 25 0 0 761
2 8 26 0 1 664
2 8 27 0 0 760
2 8 28 0 1 663
2 8 29 0 0 759
2 8 30 0 1 662
2 8 31 0 0 758
2 8 32 0 1 637
2 8 33 0 0 733
2 8 34 0 1 636
2 8 35 0 0 732
2 8 36 0 1 635
2 8 37 0 0 731
2 8 38 0 1 634
2 8 39 0 0 730
2 8 40 0 1 641
2 8 41 0 0 737
2 8 42 0 1 640
2 8 43 0 0 736
2 8 44 0 1 639
2 8 45 0 0 735
2 8 46 0 1 638
2 8 47 0 0 734
2 8 48 0 1 645
2 8 49 0 0 741
2 8 50 0 1 644
2 8 51 0 0 740
2 8 52 0 1 643
2 8 53 0 0 739
2 8 54 0 1 642
2 8 55 0 0 738
2 8 56 0 1 649
2 8 57 0 0 745
2 8 58 0 1 648
2 8 59 0 0 744
2 8 60 0 1 647
2 8 61 0 0 743
2 8 62 0 1 646
2 8 63 0 0 742
2 9 0 0 1 621
2 9 1 0 0 717
2 9 2 0 1 620
2 9 3 0 0 716
2 9 4 0 1 619
2 9 5 0 0 715
2 9 6 0 1 618
2 9 7 0 0 714
2 9 8 0 1 625
2 9 9 0 0 721
2 9 10 0 1 624
2 9 11 0 0 720
2 9 12 0 1 623
2 9 13 0 0 719
2 9 14 0 1 622
2 9 15 0 0 718
2 9 16 0 1 629
2 9 17 0 0 725
2 9 18 0 1 628
2 9 19 0 0 724
2 9 20 0 1 627
2 9 21 0 0 723
2 9 22 0 1 626
2 9 23 0 0 722
2 9 24 0 1 633
2 9 25 0 0 729
2 9 26 0 1 632
2 9 27 0 0 728
2 9 28 0 1 631
2 9 29 0 0 727
2 9 30 0 1 630
2 9 31 0 0 726
2 9 32 0 1 605
2 9 33 0 0 701
2 9 34 0 1 604
2 9 35 0 0 700
2 9 36 0 1 603
2 9 37 0 0 699
2 9 38 0 1 602
2 9 39 0 0 698
2 9 40 0 1 609
2 9 41 0 0 705
2 9 42 0 1 608
2 9 43 0 0 704
2 9 44 0 1 607
2 9 45 0 0 703
2 9 46 0 1 606
2 9 47 0 0 702
2 9 48 0 1 613
2 9 49 0 0 709
2 9 50 0 1 612
2 9 51 0 0 708
2 9 52 0 1 611
2 9 53 0 0 707
2 9 54 0 1 610
2 9 55 0 0 706
2 9 56 0 1 617
2 9 57 0 0 713
2 9 58 0 1 616
2 9 59 0 0 712
2 9 60 0 1 615
2 9 61 0 0 711
2 9 62 0 1 614
2 9 63 0 0 710
3 0 0 1 1 717
3 0 1 1 0 813
3 0 2 1 1 716
3 0 3 1 0 812
3 0 4 1 1 715
3 0 5 1 0 811
3 0 6 1 1 714
3 0 7 1 0 810
3 0 8 1 1 721
3 0 9 1 0 817
3 0 10 1 1 720
3 0 11 1 0 816
3 0 12 1 1 719
3 0 13 1 0 815
3 0 14 1 1 718
3 0 15 1 0 814
3 0 16 1 1 725
3 0 17 1 0 821
3 0 18 1 1 724
3 0 19 1 0 820
3 0 20 1 1 723
3 0 21 1 0 819
3 0 22 1 1 722
3 0 23 1 0 818
3 0 24 1 1 729
3 0 25 1 0 825
3 0 26 1 1 728
3 0 27 1 0 824
3 0 28 1 1 727
3 0 29 1 0 823
3 0 30 1 1 726
3 0 31 1 0 822
3 0 32 1 1 701
3 0 33 1 0 797
3 0 34 1 1 700
3 0 35 1 0 796
3 0 36 1 1 699
3 0 37 1 0 795
3 0 38 1 1 698
3 0 39 1 0 794
3 0 40 1 1 705
3 0 41 1 0 801
3 0 42 1 1 704
3 0 43 1 0 800
3 0 44 1 1 703
3 0 45 1 0 799
3 0 46 1 1 702
3 0 47 1 0 798
3 0 48 1 1 709
3 0 49 1 0 805
3 0 50 1 1 708
3 0 51 1 0 804
3 0 52 1 1 707
3 0 53 1 0 803
3 0 54 1 1 706
3 0 55 1 0 802
3 0 56 1 1 713
3 0 57 1 0 809
3 0 58 1 1 712
3 0 59 1 0 808
3 0 60 1 1 711
3 0 61 1 0 807
3 0 62 1 1 710
3 0 63 1 0 806
3 1 0 1 1 685
3 1 1 1 0 781
3 1 2 1 1 684
3 1 3 1 0 780
3 1 4 1 1 683
3 1 5 1 0 779
3 1 6 1 1 682
3 1 7 1 0 778
3 1 8 1 1 689
3 1 9 1 0 785
3 1 10 1 1 688
3 1 11 1 0 784
3 1 12 1 1 687
3 1 13 1 0 783
3 1 14 1 1 686
3 1 15 1 0 782
3 1 16 1 1 693
3 1 17 1 0 789
3 1 18 1 1 692
3 1 19 1 0 788
3 1 20 1 1 691
3 1 21 1 0 787
3 1 22 1 1 690
3 1 23 1 0 786
3 1 24 1 1 697
3 1 25 1 0 793
3 1 26 1 1 696
3 1 27 1 0 792
3 1 28 1 1 695
3 1 29 1 0 791
3 1 30 1 1 694
3 1 31 1 0 790
3 1 32 1 1 669
3 1 33 1 0 765
3 1 34 1 1 668
3 1 35 1 0 764
3 1 36 1 1 667
3 1 37 1 0 763
3 1 38 1 1 666
3 1 39 1 0 762
3 1 40 1 1 673
3 1 41 1 0 769
3 1 42 1 1 672
3 1 43 1 0 768
3 1 44 1 1 671
3 1 45 1 0 767
3 1 46 1 1 670
3 1 47 1 0 766
3 1 48 1 1 677
3 1 49 1 0 773
3 1 50 1 1 676
3 1 51 1 0 772
3 1 52 1 1 675
3 1 53 1 0 771
3 1 54 1 1 674
3 1 55 1 0 770
3 1 56 1 1 681
3 1 57 1 0 777
3 1 58 1 1 680
3 1 59 1 0 776
3 1 60 1 1 679
3 1 61 1 0 775
3 1 62 1 1 678
3 1 63 1 0 774
3 2 0 1 1 653
3 2 1 1 0 749
3 2 2 1 1 652
3 2 3 1 0 748
3 2 4 1 1 651
3 2 5 1 0 747
3 2 6 1 1 650
3 2 7 1 0 746
3 2 8 1 1 657
3 2 9 1 0 753
3 2 10 1 1 656
3 2 11 1 0 752
3 2 12 1 1 655
3 2 13 1 0 751
3 2 14 1 1 654
3 2 15 1 0 750
3 2 16 1 1 661
3 2 17 1 0 757
3 2 18 1 1 660
3 2 19 1 0 756
3 2 20 1 1 659
3 2 21 1 0 755
3 2 22 1 1 658
3 2 23 1 0 754
3 2 24 1 1 665
3 2 25 1 0 761
3 2 26 1 1 664
3 2 27 1 0 760
3 2 28 1 1 663
3 2 29 1 0 759
3 2 30 1 1 662
3 2 31 1 0 758
3 2 32 1 1 637
3 2 33 1 0 733
3 2 34 1 1 636
3 2 35 1 0 732
3 2 36 1 1 635
3 2 37 1 0 731
3 2 38 1 1 634
3 2 39 1 0 730
3 2 40 1 1 641
3 2 41 1 0 737
3 2 42 1 1 640
3 2 43 1 0 736
3 2 44 1 1 639
3 2 45 1 0 735
3 2 46 1 1 638
3 2 47 1 0 734
3 2 48 1 1 645
3 2 49 1 0 741
3 2 50 1 1 644
3 2 51 1 0 740
3 2 52 1 1 643
3 2 53 1 0 739
3 2 54 1 1 642
3 2 55 1 0 738
3 2 56 1 1 649
3 2 57 1 0 745
3 2 58 1 1 648
3 2 59 1 0 744
3 2 60 1 1 647
3 2 61 1 0 743
3 2 62 1 1 646
3 2 63 1 0 742
3 3 0 1 1 621
3 3 1 1 0 717
3 3 2 1 1 620
3 3 3 1 0 716
3 3 4 1 1 619
3 3 5 1 0 715
3 3 6 1 1 618
3 3 7 1 0 714
3 3 8 1 1 625
3 3 9 1 0 721
3 3 10 1 1 624
3 3 11 1 0 720
3 3 12 1 1 623
3 3 13 1 0 719
3 3 14 1 1 622
3 3 15 1 0 718
3 3 16 1 1 629
3 3 17 1 0 725
3 3 18 1 1 628
3 3 19 1 0 724
3 3 20 1 1 627
3 3 21 1 0 723
3 3 22 1 1 626
3 3 23 1 0 722
3 3 24 1 1 633
3 3 25 1 0 729
3 3 26 1 1 632
3 3 27 1 0 728
3 3 28 1 1 631
3 3 29 1 0 727
3 3 30 1 1 630
3 3 31 1 0 726
3 3 32 1 1 605
3 3 33 1 0 701
3 3 34 1 1 604
3 3 35 1 0 700
3 3 36 1 1 603
3 3 37 1 0 699
3 3 38 1 1 602
3 3 39 1 0 698
3 3 40 1 1 609
3 3 41 1 0 705
3 3 42 1 1 608
3 3 43 1 0 704
3 3 44 1 1 607
3 3 45 1 0 703
3 3 46 1 1 606
3 3 47 1 0 702
3 3 48 1 1 613
3 3 49 1 0 709
3 3 50 1 1 612
3 3 51 1 0 708
3 3 52 1 1 611
3 3 53 1 0 707
3 3 54 1 1 610
3 3 55 1 0 706
3 3 56 1 1 617
3 3 57 1 0 713
3 3 58 1 1 616
3 3 59 1 0 712
3 3 60 1 1 615
3 3 61 1 0 711
3 3 62 1 1 614
3 3 63 1 0 710
3 4 0 1 1 589
3 4 1 1 0 685
3 4 2 1 1 588
3 4 3 1 0 684
3 4 4 1 1 587
3 4 5 1 0 683
3 4 6 1 1 586
3 4 7 1 0 682
3 4 8 1 1 593
3 4 9 1 0 689
3 4 10 1 1 592
3 4 11 1 0 688
3 4 12 1 1 591
3 4 13 1 0 687
3 4 14 1 1 590
3 4 15 1 0 686
3 4 16 1 1 597
3 4 17 1 0 693
3 4 18 1 1 596
3 4 19 1 0 692
3 4 20 1 1 595
3 4 21 1 0 691
3 4 22 1 1 594
3 4 23 1 0 690
3 4 24 1 1 601
3 4 25 1 0 697
3 4 26 1 1 600
3 4 27 1 0 696
3 4 28 1 1 599
3 4 29 1 0 695
3 4 30 1 1 598
3 4 31 1 0 694
3 4 32 1 1 573
3 4 33 1 0 669
3 4 34 1 1 572
3 4 35 1 0 668
3 4 36 1 1 571
3 4 37 1 0 667
3 4 38 1 1 570
3 4 39 1 0 666
3 4 40 1 1 577
3 4 41 1 0 673
3 4 42 1 1 576
3 4 43 1 0 672
3 4 44 1 1 575
3 4 45 1 0 671
3 4 46 1 1 574
3 4 47 1 0 670
3 4 48 1 1 581
3 4 49 1 0 677
3 4 50 1 1 580
3 4 51 1 0 676
3 4 52 1 1 579
3 4 53 1 0 675
3 4 54 1 1 578
3 4 55 1 0 674
3 4 56 1 1 585
3 4 57 1 0 681
3 4 58 1 1 584
3 4 59 1 0 680
3 4 60 1 1 583
3 4 61 1 0 679
3 4 62 1 1 582
3 4 63 1 0 678
3 5 0 1 1 202
3 5 1 1 0 106
3 5 2 1 1 203
3 5 3 1 0 107
3 5 4 1 1 204
3 5 5 1 0 108
3 5 6 1 1 205
3 5 7 1 0 109
3 5 8 1 1 198
3 5 9 1 0 102
3 5 10 1 1 199
3 5 11 1 0 103
3 5 12 1 1 200
3 5 13 1 0 104
3 5 14 1 1 201
3 5 15 1 0 105
3 5 16 1 1 194
3 5 17 1 0 98
3 5 18 1 1 195
3 5 19 1 0 99
3 5 20 1 1 196
3 5 21 1 0 100
3 5 22 1 1 197
3 5 23 1 0 101
3 5 24 1 1 190
3 5 25 1 0 94
3 5 26 1 1 191
3 5 27 1 0 95
3 5 28 1 1 192
3 5 29 1 0 96
3 5 30 1 1 193
3 5 31 1 0 97
3 5 32 1 1 218
3 5 33 1 0 122
3 5 34 1 1 219
3 5 35 1 0 123
3 5 36 1 1 220
3 5 37 1 0 124
3 5 38 1 1 221
3 5 39 1 0 125
3 5 40 1 1 214
3 5 41 1 0 118
3 5 42 1 1 215
3 5 43 1 0 119
3 5 44 1 1 216
3 5 45 1 0 120
3 5 46 1 1 217
3 5 47 1 0 121
3 5 48 1 1 210
3 5 49 1 0 114
3 5 50 1 1 211
3 5 51 1 0 115
3 5 52 1 1 212
3 5 53 1 0 116
3 5 54 1 1 213
3 5 55 1 0 117
3 5 56 1 1 206
3 5 57 1 0 110
3 5 58 1 1 207
3 5 59 1 0 111
3 5 60 1 1 208
3 5 61 1 0 112
3 5 62 1 1 209
3 5 63 1 0 113
3 6 0 1 1 234
3 6 1 1 0 138
3 6 2 1 1 235
3 6 3 1 0 139
3 6 4 1 1 236
3 6 5 1 0 140
3 6 6 1 1 237
3 6 7 1 0 141
3 6 8 1 1 230
3 6 9 1 0 134
3 6 10 1 1 231
3 6 11 1 0 135
3 6 12 1 1 232
3 6 13 1 0 136
3 6 14 1 1 233
3 6 15 1 0 137
3 6 16 1 1 226
3 6 17 1 0 130
3 6 18 1 1 227
3 6 19 1 0 131
3 6 20 1 1 228
3 6 21 1 0 132
3 6 22 1 1 229
3 6 23 1 0 133
3 6 24 1 1 222
3 6 25 1 0 126
3 6 26 1 1 223
3 6 27 1 0 127
3 6 28 1 1 224
3 6 29 1 0 128
3 6 30 1 1 225
3 6 31 1 0 129
3 6 32 1 1 250
3 6 33 1 0 154
3 6 34 1 1 251
3 6 35 1 0 155
3 6 36 1 1 252
3 6 37 1 0 156
3 6 38 1 1 253
3 6 39 1 0 157
3 6 40 1 1 246
3 6 41 1 0 150
3 6 42 1 1 247
3 6 43 1 0 151
3 6 44 1 1 248
3 6 45 1 0 152
3 6 46 1 1 249
3 6 47 1 0 153
3 6 48 1 1 242
3 6 49 1 0 146
3 6 50 1 1 243
3 6 51 1 0 147
3 6 52 1 1 244
3 6 53 1 0 148
3 6 54 1 1 245
3 6 55 1 0 149
3 6 56 1 1 238
3 6 57 1 0 142
3 6 58 1 1 239
3 6 59 1 0 143
3 6 60 1 1 240
3 6 61 1 0 144
3 6 62 1 1 241
3 6 63 1 0 145
3 7 0 1 1 266
3 7 1 1 0 170
3 7 2 1 1 267
3 7 3 1 0 171
3 7 4 1 1 268
3 7 5 1 0 172
3 7 6 1 1 269
3 7 7 1 0 173
3 7 8 1 1 262
3 7 9 1 0 166
3 7 10 1 1 263
3 7 11 1 0 167
3 7 12 1 1 264
3 7 13 1 0 168
3 7 14 1 1 265
3 7 15 1 0 169
3 7 16 1 1 258
3 7 17 1 0 162
3 7 18 1 1 259
3 7 19 1 0 163
3 7 20 1 1 260
3 7 21 1 0 164
3 7 22 1 1 261
3 7 23 1 0 165
3 7 24 1 1 254
3 7 25 1 0 158
3 7 26 1 1 255
3 7 27 1 0 159
3 7 28 1 1 256
3 7 29 1 0 160
3 7 30 1 1 257
3 7 31 1 0 161
3 7 32 1 1 282
3 7 33 1 0 186
3 7 34 1 1 283
3 7 35 1 0 187
3 7 36 1 1 284
3 7 37 1 0 188
3 7 38 1 1 285
3 7 39 1 0 189
3 7 40 1 1 278
3 7 41 1 0 182
3 7 42 1 1 279
3 7 43 1 0 183
3 7 44 1 1 280
3 7 45 1 0 184
3 7 46 1 1 281
3 7 47 1 0 185
3 7 48 1 1 274
3 7 49 1 0 178
3 7 50 1 1 275
3 7 51 1 0 179
3 7 52 1 1 276
3 7 53 1 0 180
3 7 54 1 1 277
3 7 55 1 0 181
3 7 56 1 1 270
3 7 57 1 0 174
3 7 58 1 1 271
3 7 59 1 0 175
3 7 60 1 1 272
3 7 61 1 0 176
3 7 62 1 1 273
3 7 63 1 0 177
3 8 0 1 1 298
3 8 1 1 0 202
3 8 2 1 1 299
3 8 3 1 0 203
3 8 4 1 1 300
3 8 5 1 0 204
3 8 6 1 1 301
3 8 7 1 0 205
3 8 8 1 1 294
3 8 9 1 0 198
3 8 10 1 1 295
3 8 11 1 0 199
3 8 12 1 1 296
3 8 13 1 0 200
3 8 14 1 1 297
3 8 15 1 0 201
3 8 16 1 1 290
3 8 17 1 0 194
3 8 18 1 1 291
3 8 19 1 0 195
3 8 20 1 1 292
3 8 21 1 0 196
3 8 22 1 1 293
3 8 23 1 0 197
3 8 24 1 1 286
3 8 25 1 0 190
3 8 26 1 1 287
3 8 27 1 0 191
3 8 28 1 1 288
3 8 29 1 0 192
3 8 30 1 1 289
3 8 31 1 0 193
3 8 32 1 1 314
3 8 33 1 0 218
3 8 34 1 1 315
3 8 35 1 0 219
3 8 36 1 1 316
3 8 37 1 0 220
3 8 38 1 1 317
3 8 39 1 0 221
3 8 40 1 1 310
3 8 41 1 0 214
3 8 42 1 1 311
3 8 43 1 0 215
3 8 44 1 1 312
3 8 45 1 0 216
3 8 46 1 1 313
3 8 47 1 0 217
3 8 48 1 1 306
3 8 49 1 0 210
3 8 50 1 1 307
3 8 51 1 0 211
3 8 52 1 1 308
3 8 53 1 0 212
3 8 54 1 1 309
3 8 55 1 0 213
3 8 56 1 1 302
3 8 57 1 0 206
3 8 58 1 1 303
3 8 59 1 0 207
3 8 60 1 1 304
3 8 61 1 0 208
3 8 62 1 1 305
3 8 63 1 0 209
3 9 0 1 1 330
3 9 1 1 0 234
3 9 2 1 1 331
3 9 3 1 0 235
3 9 4 1 1 332
3 9 5 1 0 236
3 9 6 1 1 333
3 9 7 1 0 237
3 9 8 1 1 326
3 9 9 1 0 230
3 9 10 1 1 327
3 9 11 1 0 231
3 9 12 1 1 328
3 9 13 1 0 232
3 9 14 1 1 329
3 9 15 1 0 233
3 9 16 1 1 322
3 9 17 1 0 226
3 9 18 1 1 323
3 9 19 1 0 227
3 9 20 1 1 324
3 9 21 1 0 228
3 9 22 1 1 325
3 9 23 1 0 229
3 9 24 1 1 318
3 9 25 1 0 222
3 9 26 1 1 319
3 9 27 1 0 223
3 9 28 1 1 320
3 9 29 1 0 224
3 9 30 1 1 321
3 9 31 1 0 225
3 9 32 1 1 346
3 9 33 1 0 250
3 9 34 1 1 347
3 9 35 1 0 251
3 9 36 1 1 348
3 9 37 1 0 252
3 9 38 1 1 349
3 9 39 1 0 253
3 9 40 1 1 342
3 9 41 1 0 246
3 9 42 1 1 343
3 9 43 1 0 247
3 9 44 1 1 344
3 9 45 1 0 248
3 9 46 1 1 345
3 9 47 1 0 249
3 9 48 1 1 338
3 9 49 1 0 242
3 9 50 1 1 339
3 9 51 1 0 243
3 9 52 1 1 340
3 9 53 1 0 244
3 9 54 1 1 341
3 9 55 1 0 245
3 9 56 1 1 334
3 9 57 1 0 238
3 9 58 1 1 335
3 9 59 1 0 239
3 9 60 1 1 336
3 9 61 1 0 240
3 9 62 1 1 337
3 9 63 1 0 241
4 0 0 1 2 900
4 0 1 1 2 901
4 0 2 1 2 902
4 0 3 1 2 903
4 0 4 1 2 904
4 0 5 1 2 905
4 0 6 1 2 906
4 0 7 1 2 907
4 0 8 1 2 892
4 0 9 1 2 893
4 0 10 1 2 894
4 0 11 1 2 895
4 0 12 1 2 896
4 0 13 1 2 897
4 0 14 1 2 898
4 0 15 1 2 899
4 0 16 1 2 884
4 0 17 1 2 885
4 0 18 1 2 886
4 0 19 1 2 887
4 0 20 1 2 888
4 0 21 1 2 889
4 0 22 1 2 890
4 0 23 1 2 891
4 0 24 1 2 876
4 0 25 1 2 877
4 0 26 1 2 878
4 0 27 1 2 879
4 0 28 1 2 880
4 0 29 1 2 881
4 0 30 1 2 882
4 0 31 1 2 883
4 0 32 1 1 927
4 0 33 1 1 926
4 0 34 1 1 925
4 0 35 1 1 924
4 0 36 1 1 923
4 0 37 1 1 922
4 0 38 1 1 921
4 0 39 1 1 920
4 0 40 1 1 935
4 0 41 1 1 934
4 0 42 1 1 933
4 0 43 1 1 932
4 0 44 1 1 931
4 0 45 1 1 930
4 0 46 1 1 929
4 0 47 1 1 928
4 0 48 1 1 943
4 0 49 1 1 942
4 0 50 1 1 941
4 0 51 1 1 940
4 0 52 1 1 939
4 0 53 1 1 938
4 0 54 1 1 937
4 0 55 1 1 936
4 0 56 1 1 951
4 0 57 1 1 950
4 0 58 1 1 949
4 0 59 1 1 948
4 0 60 1 1 947
4 0 61 1 1 946
4 0 62 1 1 945
4 0 63 1 1 944
4 1 0 1 2 932
4 1 1 1 2 933
4 1 2 1 2 934
4 1 3 1 2 935
4 1 4 1 2 936
4 1 5 1 2 937
4 1 6 1 2 938
4 1 7 1 2 939
4 1 8 1 2 924
4 1 9 1 2 925
4 1 10 1 2 926
4 1 11 1 2 927
4 1 12 1 2 928
4 1 13 1 2 929
4 1 14 1 2 930
4 1 15 1 2 931
4 1 16 1 2 916
4 1 17 1 2 917
4 1 18 1 2 918
4 1 19 1 2 919
4 1 20 1 2 920
4 1 21 1 2 921
4 1 22 1 2 922
4 1 23 1 2 923
4 1 24 1 2 908
4 1 25 1 2 909
4 1 26 1 2 910
4 1 27 1 2 911
4 1 28 1 2 912
4 1 29 1 2 913
4 1 30 1 2 914
4 1 31 1 2 915
4 1 32 1 2 964
4 1 33 1 2 965
4 1 34 1 2 966
4 1 35 1 2 967
4 1 36 1 2 968
4 1 37 1 2 969
4 1 38 1 2 970
4 1 39 1 2 971
4 1 40 1 2 956
4 1 41 1 2 957
4 1 42 1 2 958
4 1 43 1 2 959
4 1 44 1 2 960
4 1 45 1 2 961
4 1 46 1 2 962
4 1 47 1 2 963
4 1 48 1 2 948
4 1 49 1 2 949
4 1 50 1 2 950
4 1 51 1 2 951
4 1 52 1 2 952
4 1 53 1 2 953
4 1 54 1 2 954
4 1 55 1 2 955
4 1 56 1 2 940
4 1 57 1 2 941
4 1 58 1 2 942
4 1 59 1 2 943
4 1 60 1 2 944
4 1 61 1 2 945
4 1 62 1 2 946
4 1 63 1 2 947
4 2 0 1 2 996
4 2 1 1 2 997
4 2 2 1 2 998
4 2 3 1 2 999
4 2 4 1 2 1000
4 2 5 1 2 1001
4 2 6 1 2 1002
4 2 7 1 2 1003
4 2 8 1 2 988
4 2 9 1 2 989
4 2 10 1 2 990
4 2 11 1 2 991
4 2 12 1 2 992
4 2 13 1 2 993
4 2 14 1 2 994
4 2 15 1 2 995
4 2 16 1 2 980
4 2 17 1 2 981
4 2 18 1 2 982
4 2 19 1 2 983
4 2 20 1 2 984
4 2 21 1 2 985
4 2 22 1 2 986
4 2 23 1 2 987
4 2 24 1 2 972
4 2 25 1 2 973
4 2 26 1 2 974
4 2 27 1 2 975
4 2 28 1 2 976
4 2 29 1 2 977
4 2 30 1 2 978
4 2 31 1 2 979
4 2 32 1 1 895
4 2 33 1 1 894
4 2 34 1 1 893
4 2 35 1 1 892
4 2 36 1 1 891
4 2 37 1 1 890
4 2 38 1 1 889
4 2 39 1 1 888
4 2 40 1 1 903
4 2 41 1 1 902
4 2 42 1 1 901
4 2 43 1 1 900
4 2 44 1 1 899
4 2 45 1 1 898
4 2 46 1 1 897
4 2 47 1 1 896
4 2 48 1 1 911
4 2 49 1 1 910
4 2 50 1 1 909
4 2 51 1 1 908
4 2 52 1 1 907
4 2 53 1 1 906
4 2 54 1 1 905
4 2 55 1 1 904
4 2 56 1 1 919
4 2 57 1 1 918
4 2 58 1 1 917
4 2 59 1 1 916
4 2 60 1 1 915
4 2 61 1 1 914
4 2 62 1 1 913
4 2 63 1 1 912
4 3 0 1 1 781
4 3 1 1 0 877
4 3 2 1 1 780
4 3 3 1 0 876
4 3 4 1 1 779
4 3 5 1 0 875
4 3 6 1 1 778
4 3 7 1 0 874
4 3 8 1 1 785
4 3 9 1 0 881
4 3 10 1 1 784
4 3 11 1 0 880
4 3 12 1 1 783
4 3 13 1 0 879
4 3 14 1 1 782
4 3 15 1 0 878
4 3 16 1 1 789
4 3 17 1 0 885
4 3 18 1 1 788
4 3 19 1 0 884
4 3 20 1 1 787
4 3 21 1 0 883
4 3 22 1 1 786
4 3 23 1 0 882
4 3 24 1 1 793
4 3 25 1 0 889
4 3 26 1 1 792
4 3 27 1 0 888
4 3 28 1 1 791
4 3 29 1 0 887
4 3 30 1 1 790
4 3 31 1 0 886
4 3 32 1 1 765
4 3 33 1 0 861
4 3 34 1 1 764
4 3 35 1 0 860
4 3 36 1 1 763
4 3 37 1 0 859
4 3 38 1 1 762
4 3 39 1 0 858
4 3 40 1 1 769
4 3 41 1 0 865
4 3 42 1 1 768
4 3 43 1 0 864
4 3 44 1 1 767
4 3 45 1 0 863
4 3 46 1 1 766
4 3 47 1 0 862
4 3 48 1 1 773
4 3 49 1 0 869
4 3 50 1 1 772
4 3 51 1 0 868
4 3 52 1 1 771
4 3 53 1 0 867
4 3 54 1 1 770
4 3 55 1 0 866
4 3 56 1 1 777
4 3 57 1 0 873
4 3 58 1 1 776
4 3 59 1 0 872
4 3 60 1 1 775
4 3 61 1 0 871
4 3 62 1 1 774
4 3 63 1 0 870
4 4 0 1 1 749
4 4 1 1 0 845
4 4 2 1 1 748
4 4 3 1 0 844
4 4 4 1 1 747
4 4 5 1 0 843
4 4 6 1 1 746
4 4 7 1 0 842
4 4 8 1 1 753
4 4 9 1 0 849
4 4 10 1 1 752
4 4 11 1 0 848
4 4 12 1 1 751
4 4 13 1 0 847
4 4 14 1 1 750
4 4 15 1 0 846
4 4 16 1 1 757
4 4 17 1 0 853
4 4 18 1 1 756
4 4 19 1 0 852
4 4 20 1 1 755
4 4 21 1 0 851
4 4 22 1 1 754
4 4 23 1 0 850
4 4 24 1 1 761
4 4 25 1 0 857
4 4 26 1 1 760
4 4 27 1 0 856
4 4 28 1 1 759
4 4 29 1 0 855
4 4 30 1 1 758
4 4 31 1 0 854
4 4 32 1 1 733
4 4 33 1 0 829
4 4 34 1 1 732
4 4 35 1 0 828
4 4 36 1 1 731
4 4 37 1 0 827
4 4 38 1 1 730
4 4 39 1 0 826
4 4 40 1 1 737
4 4 41 1 0 833
4 4 42 1 1 736
4 4 43 1 0 832
4 4 44 1 1 735
4 4 45 1 0 831
4 4 46 1 1 734
4 4 47 1 0 830
4 4 48 1 1 741
4 4 49 1 0 837
4 4 50 1 1 740
4 4 51 1 0 836
4 4 52 1 1 739
4 4 53 1 0 835
4 4 54 1 1 738
4 4 55 1 0 834
4 4 56 1 1 745
4 4 57 1 0 841
4 4 58 1 1 744
4 4 59 1 0 840
4 4 60 1 1 743
4 4 61 1 0 839
4 4 62 1 1 742
4 4 63 1 0 838
4 5 0 1 1 362
4 5 1 1 0 266
4 5 2 1 1 363
4 5 3 1 0 267
4 5 4 1 1 364
4 5 5 1 0 268
4 5 6 1 1 365
4 5 7 1 0 269
4 5 8 1 1 358
4 5 9 1 0 262
4 5 10 1 1 359
4 5 11 1 0 263
4 5 12 1 1 360
4 5 13 1 0 264
4 5 14 1 1 361
4 5 15 1 0 265
4 5 16 1 1 354
4 5 17 1 0 258
4 5 18 1 1 355
4 5 19 1 0 259
4 5 20 1 1 356
4 5 21 1 0 260
4 5 22 1 1 357
4 5 23 1 0 261
4 5 24 1 1 350
4 5 25 1 0 254
4 5 26 1 1 351
4 5 27 1 0 255
4 5 28 1 1 352
4 5 29 1 0 256
4 5 30 1 1 353
4 5 31 1 0 257
4 5 32 1 1 378
4 5 33 1 0 282
4 5 34 1 1 379
4 5 35 1 0 283
4 5 36 1 1 380
4 5 37 1 0 284
4 5 38 1 1 381
4 5 39 1 0 285
4 5 40 1 1 374
4 5 41 1 0 278
4 5 42 1 1 375
4 5 43 1 0 279
4 5 44 1 1 376
4 5 45 1 0 280
4 5 46 1 1 377
4 5 47 1 0 281
4 5 48 1 1 370
4 5 49 1 0 274
4 5 50 1 1 371
4 5 51 1 0 275
4 5 52 1 1 372
4 5 53 1 0 276
4 5 54 1 1 373
4 5 55 1 0 277
4 5 56 1 1 366
4 5 57 1 0 270
4 5 58 1 1 367
4 5 59 1 0 271
4 5 60 1 1 368
4 5 61 1 0 272
4 5 62 1 1 369
4 5 63 1 0 273
4 6 0 1 1 394
4 6 1 1 0 298
4 6 2 1 1 395
4 6 3 1 0 299
4 6 4 1 1 396
4 6 5 1 0 300
4 6 6 1 1 397
4 6 7 1 0 301
4 6 8 1 1 390
4 6 9 1 0 294
4 6 10 1 1 391
4 6 11 1 0 295
4 6 12 1 1 392
4 6 13 1 0 296
4 6 14 1 1 393
4 6 15 1 0 297
4 6 16 1 1 386
4 6 17 1 0 290
4 6 18 1 1 387
4 6 19 1 0 291
4 6 20 1 1 388
4 6 21 1 0 292
4 6 22 1 1 389
4 6 23 1 0 293
4 6 24 1 1 382
4 6 25 1 0 286
4 6 26 1 1 383
4 6 27 1 0 287
4 6 28 1 1 384
4 6 29 1 0 288
4 6 30 1 1 385
4 6 31 1 0 289
4 6 32 1 1 410
4 6 33 1 0 314
4 6 34 1 1 411
4 6 35 1 0 315
4 6 36 1 1 412
4 6 37 1 0 316
4 6 38 1 1 413
4 6 39 1 0 317
4 6 40 1 1 406
4 6 41 1 0 310
4 6 42 1 1 407
4 6 43 1 0 311
4 6 44 1 1 408
4 6 45 1 0 312
4 6 46 1 1 409
4 6 47 1 0 313
4 6 48 1 1 402
4 6 49 1 0 306
4 6 50 1 1 403
4 6 51 1 0 307
4 6 52 1 1 404
4 6 53 1 0 308
4 6 54 1 1 405
4 6 55 1 0 309
4 6 56 1 1 398
4 6 57 1 0 302
4 6 58 1 1 399
4 6 59 1 0 303
4 6 60 1 1 400
4 6 61 1 0 304
4 6 62 1 1 401
4 6 63 1 0 305
4 7 0 1 2 448
4 7 1 1 2 449
4 7 2 1 2 450
4 7 3 1 2 451
4 7 4 1 2 452
4 7 5 1 2 453
4 7 6 1 2 454
4 7 7 1 2 455
4 7 8 1 2 440
4 7 9 1 2 441
4 7 10 1 2 442
4 7 11 1 2 443
4 7 12 1 2 444
4 7 13 1 2 445
4 7 14 1 2 446
4 7 15 1 2 447
4 7 16 1 2 432
4 7 17 1 2 433
4 7 18 1 2 434
4 7 19 1 2 435
4 7 20 1 2 436
4 7 21 1 2 437
4 7 22 1 2 438
4 7 23 1 2 439
4 7 24 1 2 424
4 7 25 1 2 425
4 7 26 1 2 426
4 7 27 1 2 427
4 7 28 1 2 428
4 7 29 1 2 429
4 7 30 1 2 430
4 7 31 1 2 431
4 7 32 1 2 480
4 7 33 1 2 481
4 7 34 1 2 482
4 7 35 1 2 483
4 7 36 1 2 484
4 7 37 1 2 485
4 7 38 1 2 486
4 7 39 1 2 487
4 7 40 1 2 472
4 7 41 1 2 473
4 7 42 1 2 474
4 7 43 1 2 475
4 7 44 1 2 476
4 7 45 1 2 477
4 7 46 1 2 478
4 7 47 1 2 479
4 7 48 1 2 464
4 7 49 1 2 465
4 7 50 1 2 466
4 7 51 1 2 467
4 7 52 1 2 468
4 7 53 1 2 469
4 7 54 1 2 470
4 7 55 1 2 471
4 7 56 1 2 456
4 7 57 1 2 457
4 7 58 1 2 458
4 7 59 1 2 459
4 7 60 1 2 460
4 7 61 1 2 461
4 7 62 1 2 462
4 7 63 1 2 463
4 8 0 1 2 512
4 8 1 1 2 513
4 8 2 1 2 514
4 8 3 1 2 515
4 8 4 1 2 516
4 8 5 1 2 517
4 8 6 1 2 518
4 8 7 1 2 519
4 8 8 1 2 504
4 8 9 1 2 505
4 8 10 1 2 506
4 8 11 1 2 507
4 8 12 1 2 508
4 8 13 1 2 509
4 8 14 1 2 510
4 8 15 1 2 511
4 8 16 1 2 496
4 8 17 1 2 497
4 8 18 1 2 498
4 8 19 1 2 499
4 8 20 1 2 500
4 8 21 1 2 501
4 8 22 1 2 502
4 8 23 1 2 503
4 8 24 1 2 488
4 8 25 1 2 489
4 8 26 1 2 490
4 8 27 1 2 491
4 8 28 1 2 492
4 8 29 1 2 493
4 8 30 1 2 494
4 8 31 1 2 495
4 8 32 1 0 468
4 8 33 1 0 469
4 8 34 1 0 470
4 8 35 1 0 471
4 8 36 1 0 472
4 8 37 1 0 473
4 8 38 1 0 474
4 8 39 1 0 475
4 8 40 1 0 460
4 8 41 1 0 461
4 8 42 1 0 462
4 8 43 1 0 463
4 8 44 1 0 464
4 8 45 1 0 465
4 8 46 1 0 466
4 8 47 1 0 467
4 8 48 1 0 452
4 8 49 1 0 453
4 8 50 1 0 454
4 8 51 1 0 455
4 8 52 1 0 456
4 8 53 1 0 457
4 8 54 1 0 458
4 8 55 1 0 459
4 8 56 1 0 444
4 8 57 1 0 445
4 8 58 1 0 446
4 8 59 1 0 447
4 8 60 1 0 448
4 8 61 1 0 449
4 8 62 1 0 450
4 8 63 1 0 451
4 9 0 1 2 544
4 9 1 1 2 545
4 9 2 1 2 546
4 9 3 1 2 547
4 9 4 1 2 548
4 9 5 1 2 549
4 9 6 1 2 550
4 9 7 1 2 551
4 9 8 1 2 536
4 9 9 1 2 537
4 9 10 1 2 538
4 9 11 1 2 539
4 9 12 1 2 540
4 9 13 1 2 541
4 9 14 1 2 542
4 9 15 1 2 543
4 9 16 1 2 528
4 9 17 1 2 529
4 9 18 1 2 530
4 9 19 1 2 531
4 9 20 1 2 532
4 9 21 1 2 533
4 9 22 1 2 534
4 9 23 1 2 535
4 9 24 1 2 520
4 9 25 1 2 521
4 9 26 1 2 522
4 9 27 1 2 523
4 9 28 1 2 524
4 9 29 1 2 525
4 9 30 1 2 526
4 9 31 1 2 527
4 9 32 1 2 576
4 9 33 1 2 577
4 9 34 1 2 578
4 9 35 1 2 579
4 9 36 1 2 580
4 9 37 1 2 581
4 9 38 1 2 582
4 9 39 1 2 583
4 9 40 1 2 568
4 9 41 1 2 569
4 9 42 1 2 570
4 9 43 1 2 571
4 9 44 1 2 572
4 9 45 1 2 573
4 9 46 1 2 574
4 9 47 1 2 575
4 9 48 1 2 560
4 9 49 1 2 561
4 9 50 1 2 562
4 9 51 1 2 563
4 9 52 1 2 564
4 9 53 1 2 565
4 9 54 1 2 566
4 9 55 1 2 567
4 9 56 1 2 552
4 9 57 1 2 553
4 9 58 1 2 554
4 9 59 1 2 555
4 9 60 1 2 556
4 9 61 1 2 557
4 9 62 1 2 558
4 9 63 1 2 559
5 0 0 1 2 1028
5 0 1 1 2 1029
5 0 2 1 2 1030
5 0 3 1 2 1031
5 0 4 1 2 1032
5 0 5 1 2 1033
5 0 6 1 2 1034
5 0 7 1 2 1035
5 0 8 1 2 1020
5 0 9 1 2 1021
5 0 10 1 2 1022
5 0 11 1 2 1023
5 0 12 1 2 1024
5 0 13 1 2 1025
5 0 14 1 2 1026
5 0 15 1 2 1027
5 0 16 1 2 1012
5 0 17 1 2 1013
5 0 18 1 2 1014
5 0 19 1 2 1015
5 0 20 1 2 1016
5 0 21 1 2 1017
5 0 22 1 2 1018
5 0 23 1 2 1019
5 0 24 1 2 1004
5 0 25 1 2 1005
5 0 26 1 2 1006
5 0 27 1 2 1007
5 0 28 1 2 1008
5 0 29 1 2 1009
5 0 30 1 2 1010
5 0 31 1 2 1011
5 0 32 1 2 1060
5 0 33 1 2 1061
5 0 34 1 2 1062
5 0 35 1 2 1063
5 0 36 1 2 1064
5 0 37 1 2 1065
5 0 38 1 2 1066
5 0 39 1 2 1067
5 0 40 1 2 1052
5 0 41 1 2 1053
5 0 42 1 2 1054
5 0 43 1 2 1055
5 0 44 1 2 1056
5 0 45 1 2 1057
5 0 46 1 2 1058
5 0 47 1 2 1059
5 0 48 1 2 1044
5 0 49 1 2 1045
5 0 50 1 2 1046
5 0 51 1 2 1047
5 0 52 1 2 1048
5 0 53 1 2 1049
5 0 54 1 2 1050
5 0 55 1 2 1051
5 0 56 1 2 1036
5 0 57 1 2 1037
5 0 58 1 2 1038
5 0 59 1 2 1039
5 0 60 1 2 1040
5 0 61 1 2 1041
5 0 62 1 2 1042
5 0 63 1 2 1043
5 1 0 1 2 1092
5 1 1 1 2 1093
5 1 2 1 2 1094
5 1 3 1 2 1095
5 1 4 1 2 1096
5 1 5 1 2 1097
5 1 6 1 2 1098
5 1 7 1 2 1099
5 1 8 1 2 1084
5 1 9 1 2 1085
5 1 10 1 2 1086
5 1 11 1 2 1087
5 1 12 1 2 1088
5 1 13 1 2 1089
5 1 14 1 2 1090
5 1 15 1 2 1091
5 1 16 1 2 1076
5 1 17 1 2 1077
5 1 18 1 2 1078
5 1 19 1 2 1079
5 1 20 1 2 1080
5 1 21 1 2 1081
5 1 22 1 2 1082
5 1 23 1 2 1083
5 1 24 1 2 1068
5 1 25 1 2 1069
5 1 26 1 2 1070
5 1 27 1 2 1071
5 1 28 1 2 1072
5 1 29 1 2 1073
5 1 30 1 2 1074
5 1 31 1 2 1075
5 1 32 1 1 863
5 1 33 1 1 862
5 1 34 1 1 861
5 1 35 1 1 860
5 1 36 1 1 859
5 1 37 1 1 858
5 1 38 1 1 857
5 1 39 1 1 856
5 1 40 1 1 871
5 1 41 1 1 870
5 1 42 1 1 869
5 1 43 1 1 868
5 1 44 1 1 867
5 1 45 1 1 866
5 1 46 1 1 865
5 1 47 1 1 864
5 1 48 1 1 879
5 1 49 1 1 878
5 1 50 1 1 877
5 1 51 1 1 876
5 1 52 1 1 875
5 1 53 1 1 874
5 1 54 1 1 873
5 1 55 1 1 872
5 1 56 1 1 887
5 1 57 1 1 886
5 1 58 1 1 885
5 1 59 1 1 884
5 1 60 1 1 883
5 1 61 1 1 882
5 1 62 1 1 881
5 1 63 1 1 880
5 2 0 1 2 1124
5 2 1 1 2 1125
5 2 2 1 2 1126
5 2 3 1 2 1127
5 2 4 1 2 1128
5 2 5 1 2 1129
5 2 6 1 2 1130
5 2 7 1 2 1131
5 2 8 1 2 1116
5 2 9 1 2 1117
5 2 10 1 2 1118
5 2 11 1 2 1119
5 2 12 1 2 1120
5 2 13 1 2 1121
5 2 14 1 2 1122
5 2 15 1 2 1123
5 2 16 1 2 1108
5 2 17 1 2 1109
5 2 18 1 2 1110
5 2 19 1 2 1111
5 2 20 1 2 1112
5 2 21 1 2 1113
5 2 22 1 2 1114
5 2 23 1 2 1115
5 2 24 1 2 1100
5 2 25 1 2 1101
5 2 26 1 2 1102
5 2 27 1 2 1103
5 2 28 1 2 1104
5 2 29 1 2 1105
5 2 30 1 2 1106
5 2 31 1 2 1107
5 2 32 1 2 1156
5 2 33 1 2 1157
5 2 34 1 2 1158
5 2 35 1 2 1159
5 2 36 1 2 1160
5 2 37 1 2 1161
5 2 38 1 2 1162
5 2 39 1 2 1163
5 2 40 1 2 1148
5 2 41 1 2 1149
5 2 42 1 2 1150
5 2 43 1 2 1151
5 2 44 1 2 1152
5 2 45 1 2 1153
5 2 46 1 2 1154
5 2 47 1 2 1155
5 2 48 1 2 1140
5 2 49 1 2 1141
5 2 50 1 2 1142
5 2 51 1 2 1143
5 2 52 1 2 1144
5 2 53 1 2 1145
5 2 54 1 2 1146
5 2 55 1 2 1147
5 2 56 1 2 1132
5 2 57 1 2 1133
5 2 58 1 2 1134
5 2 59 1 2 1135
5 2 60 1 2 1136
5 2 61 1 2 1137
5 2 62 1 2 1138
5 2 63 1 2 1139
5 3 0 1 0 941
5 3 1 1 1 845
5 3 2 1 0 940
5 3 3 1 1 844
5 3 4 1 0 939
5 3 5 1 1 843
5 3 6 1 0 938
5 3 7 1 1 842
5 3 8 1 0 945
5 3 9 1 1 849
5 3 10 1 0 944
5 3 11 1 1 848
5 3 12 1 0 943
5 3 13 1 1 847
5 3 14 1 0 942
5 3 15 1 1 846
5 3 16 1 0 949
5 3 17 1 1 853
5 3 18 1 0 948
5 3 19 1 1 852
5 3 20 1 0 947
5 3 21 1 1 851
5 3 22 1 0 946
5 3 23 1 1 850
5 3 24 1 2 1164
5 3 25 1 2 1165
5 3 26 1 2 1166
5 3 27 1 2 1167
5 3 28 1 0 951
5 3 29 1 1 855
5 3 30 1 0 950
5 3 31 1 1 854
5 3 32 1 0 925
5 3 33 1 1 829
5 3 34 1 0 924
5 3 35 1 1 828
5 3 36 1 0 923
5 3 37 1 1 827
5 3 38 1 0 922
5 3 39 1 1 826
5 3 40 1 0 929
5 3 41 1 1 833
5 3 42 1 0 928
5 3 43 1 1 832
5 3 44 1 0 927
5 3 45 1 1 831
5 3 46 1 0 926
5 3 47 1 1 830
5 3 48 1 0 933
5 3 49 1 1 837
5 3 50 1 0 932
5 3 51 1 1 836
5 3 52 1 0 931
5 3 53 1 1 835
5 3 54 1 0 930
5 3 55 1 1 834
5 3 56 1 0 937
5 3 57 1 1 841
5 3 58 1 0 936
5 3 59 1 1 840
5 3 60 1 0 935
5 3 61 1 1 839
5 3 62 1 0 934
5 3 63 1 1 838
5 4 0 1 0 909
5 4 1 1 1 813
5 4 2 1 0 908
5 4 3 1 1 812
5 4 4 1 0 907
5 4 5 1 1 811
5 4 6 1 0 906
5 4 7 1 1 810
5 4 8 1 0 913
5 4 9 1 1 817
5 4 10 1 0 912
5 4 11 1 1 816
5 4 12 1 0 911
5 4 13 1 1 815
5 4 14 1 0 910
5 4 15 1 1 814
5 4 16 1 0 917
5 4 17 1 1 821
5 4 18 1 0 916
5 4 19 1 1 820
5 4 20 1 0 915
5 4 21 1 1 819
5 4 22 1 0 914
5 4 23 1 1 818
5 4 24 1 0 921
5 4 25 1 1 825
5 4 26 1 0 920
5 4 27 1 1 824
5 4 28 1 0 919
5 4 29 1 1 823
5 4 30 1 0 918
5 4 31 1 1 822
5 4 32 1 0 893
5 4 33 1 1 797
5 4 34 1 0 892
5 4 35 1 1 796
5 4 36 1 0 891
5 4 37 1 1 795
5 4 38 1 0 890
5 4 39 1 1 794
5 4 40 1 0 897
5 4 41 1 1 801
5 4 42 1 0 896
5 4 43 1 1 800
5 4 44 1 0 895
5 4 45 1 1 799
5 4 46 1 0 894
5 4 47 1 1 798
5 4 48 1 0 901
5 4 49 1 1 805
5 4 50 1 0 900
5 4 51 1 1 804
5 4 52 1 0 899
5 4 53 1 1 803
5 4 54 1 0 898
5 4 55 1 1 802
5 4 56 1 0 905
5 4 57 1 1 809
5 4 58 1 0 904
5 4 59 1 1 808
5 4 60 1 0 903
5 4 61 1 1 807
5 4 62 1 0 902
5 4 63 1 1 806
5 5 0 1 0 330
5 5 1 1 1 426
5 5 2 1 0 331
5 5 3 1 1 427
5 5 4 1 0 332
5 5 5 1 1 428
5 5 6 1 0 333
5 5 7 1 1 429
5 5 8 1 0 326
5 5 9 1 1 422
5 5 10 1 0 327
5 5 11 1 1 423
5 5 12 1 0 328
5 5 13 1 1 424
5 5 14 1 0 329
5 5 15 1 1 425
5 5 16 1 0 322
5 5 17 1 1 418
5 5 18 1 0 323
5 5 19 1 1 419
5 5 20 1 0 324
5 5 21 1 1 420
5 5 22 1 0 325
5 5 23 1 1 421
5 5 24 1 0 318
5 5 25 1 1 414
5 5 26 1 0 319
5 5 27 1 1 415
5 5 28 1 0 320
5 5 29 1 1 416
5 5 30 1 0 321
5 5 31 1 1 417
5 5 32 1 0 346
5 5 33 1 1 442
5 5 34 1 0 347
5 5 35 1 1 443
5 5 36 1 0 348
5 5 37 1 1 444
5 5 38 1 0 349
5 5 39 1 1 445
5 5 40 1 0 342
5 5 41 1 1 438
5 5 42 1 0 343
5 5 43 1 1 439
5 5 44 1 0 344
5 5 45 1 1 440
5 5 46 1 0 345
5 5 47 1 1 441
5 5 48 1 0 338
5 5 49 1 1 434
5 5 50 1 0 339
5 5 51 1 1 435
5 5 52 1 0 340
5 5 53 1 1 436
5 5 54 1 0 341
5 5 55 1 1 437
5 5 56 1 0 334
5 5 57 1 1 430
5 5 58 1 0 335
5 5 59 1 1 431
5 5 60 1 0 336
5 5 61 1 1 432
5 5 62 1 0 337
5 5 63 1 1 433
5 6 0 1 0 362
5 6 1 1 1 458
5 6 2 1 0 363
5 6 3 1 1 459
5 6 4 1 0 364
5 6 5 1 1 460
5 6 6 1 0 365
5 6 7 1 1 461
5 6 8 1 0 358
5 6 9 1 1 454
5 6 10 1 0 359
5 6 11 1 1 455
5 6 12 1 0 360
5 6 13 1 1 456
5 6 14 1 0 361
5 6 15 1 1 457
5 6 16 1 0 354
5 6 17 1 1 450
5 6 18 1 0 355
5 6 19 1 1 451
5 6 20 1 0 356
5 6 21 1 1 452
5 6 22 1 0 357
5 6 23 1 1 453
5 6 24 1 0 350
5 6 25 1 1 446
5 6 26 1 0 351
5 6 27 1 1 447
5 6 28 1 0 352
5 6 29 1 1 448
5 6 30 1 0 353
5 6 31 1 1 449
5 6 32 1 0 378
5 6 33 1 1 474
5 6 34 1 0 379
5 6 35 1 1 475
5 6 36 1 2 292
5 6 37 1 2 293
5 6 38 1 2 294
5 6 39 1 2 295
5 6 40 1 0 374
5 6 41 1 1 470
5 6 42 1 0 375
5 6 43 1 1 471
5 6 44 1 0 376
5 6 45 1 1 472
5 6 46 1 0 377
5 6 47 1 1 473
5 6 48 1 0 370
5 6 49 1 1 466
5 6 50 1 0 371
5 6 51 1 1 467
5 6 52 1 0 372
5 6 53 1 1 468
5 6 54 1 0 373
5 6 55 1 1 469
5 6 56 1 0 366
5 6 57 1 1 462
5 6 58 1 0 367
5 6 59 1 1 463
5 6 60 1 0 368
5 6 61 1 1 464
5 6 62 1 0 369
5 6 63 1 1 465
5 7 0 1 2 320
5 7 1 1 2 321
5 7 2 1 2 322
5 7 3 1 2 323
5 7 4 1 2 324
5 7 5 1 2 325
5 7 6 1 2 326
5 7 7 1 2 327
5 7 8 1 2 312
5 7 9 1 2 313
5 7 10 1 2 314
5 7 11 1 2 315
5 7 12 1 2 316
5 7 13 1 2 317
5 7 14 1 2 318
5 7 15 1 2 319
5 7 16 1 2 304
5 7 17 1 2 305
5 7 18 1 2 306
5 7 19 1 2 307
5 7 20 1 2 308
5 7 21 1 2 309
5 7 22 1 2 310
5 7 23 1 2 311
5 7 24 1 2 296
5 7 25 1 2 297
5 7 26 1 2 298
5 7 27 1 2 299
5 7 28 1 2 300
5 7 29 1 2 301
5 7 30 1 2 302
5 7 31 1 2 303
5 7 32 1 0 404
5 7 33 1 0 405
5 7 34 1 0 406
5 7 35 1 0 407
5 7 36 1 0 408
5 7 37 1 0 409
5 7 38 1 0 410
5 7 39 1 0 411
5 7 40 1 0 396
5 7 41 1 0 397
5 7 42 1 0 398
5 7 43 1 0 399
5 7 44 1 0 400
5 7 45 1 0 401
5 7 46 1 0 402
5 7 47 1 0 403
5 7 48 1 0 388
5 7 49 1 0 389
5 7 50 1 0 390
5 7 51 1 0 391
5 7 52 1 0 392
5 7 53 1 0 393
5 7 54 1 0 394
5 7 55 1 0 395
5 7 56 1 0 380
5 7 57 1 0 381
5 7 58 1 0 382
5 7 59 1 0 383
5 7 60 1 0 384
5 7 61 1 0 385
5 7 62 1 0 386
5 7 63 1 0 387
5 8 0 1 2 352
5 8 1 1 2 353
5 8 2 1 2 354
5 8 3 1 2 355
5 8 4 1 2 356
5 8 5 1 2 357
5 8 6 1 2 358
5 8 7 1 2 359
5 8 8 1 2 344
5 8 9 1 2 345
5 8 10 1 2 346
5 8 11 1 2 347
5 8 12 1 2 348
5 8 13 1 2 349
5 8 14 1 2 350
5 8 15 1 2 351
5 8 16 1 2 336
5 8 17 1 2 337
5 8 18 1 2 338
5 8 19 1 2 339
5 8 20 1 2 340
5 8 21 1 2 341
5 8 22 1 2 342
5 8 23 1 2 343
5 8 24 1 2 328
5 8 25 1 2 329
5 8 26 1 2 330
5 8 27 1 2 331
5 8 28 1 2 332
5 8 29 1 2 333
5 8 30 1 2 334
5 8 31 1 2 335
5 8 32 1 2 384
5 8 33 1 2 385
5 8 34 1 2 386
5 8 35 1 2 387
5 8 36 1 2 388
5 8 37 1 2 389
5 8 38 1 2 390
5 8 39 1 2 391
5 8 40 1 2 376
5 8 41 1 2 377
5 8 42 1 2 378
5 8 43 1 2 379
5 8 44 1 2 380
5 8 45 1 2 381
5 8 46 1 2 382
5 8 47 1 2 383
5 8 48 1 2 368
5 8 49 1 2 369
5 8 50 1 2 370
5 8 51 1 2 371
5 8 52 1 2 372
5 8 53 1 2 373
5 8 54 1 2 374
5 8 55 1 2 375
5 8 56 1 2 360
5 8 57 1 2 361
5 8 58 1 2 362
5 8 59 1 2 363
5 8 60 1 2 364
5 8 61 1 2 365
5 8 62 1 2 366
5 8 63 1 2 367
5 9 0 1 2 416
5 9 1 1 2 417
5 9 2 1 2 418
5 9 3 1 2 419
5 9 4 1 2 420
5 9 5 1 2 421
5 9 6 1 2 422
5 9 7 1 2 423
5 9 8 1 2 408
5 9 9 1 2 409
5 9 10 1 2 410
5 9 11 1 2 411
5 9 12 1 2 412
5 9 13 1 2 413
5 9 14 1 2 414
5 9 15 1 2 415
5 9 16 1 2 400
5 9 17 1 2 401
5 9 18 1 2 402
5 9 19 1 2 403
5 9 20 1 2 404
5 9 21 1 2 405
5 9 22 1 2 406
5 9 23 1 2 407
5 9 24 1 2 392
5 9 25 1 2 393
5 9 26 1 2 394
5 9 27 1 2 395
5 9 28 1 2 396
5 9 29 1 2 397
5 9 30 1 2 398
5 9 31 1 2 399
5 9 32 1 0 436
5 9 33 1 0 437
5 9 34 1 0 438
5 9 35 1 0 439
5 9 36 1 0 440
5 9 37 1 0 441
5 9 38 1 0 442
5 9 39 1 0 443
5 9 40 1 0 428
5 9 41 1 0 429
5 9 42 1 0 430
5 9 43 1 0 431
5 9 44 1 0 432
5 9 45 1 0 433
5 9 46 1 0 434
5 9 47 1 0 435
5 9 48 1 0 420
5 9 49 1 0 421
5 9 50 1 0 422
5 9 51 1 0 423
5 9 52 1 0 424
5 9 53 1 0 425
5 9 54 1 0 426
5 9 55 1 0 427
5 9 56 1 0 412
5 9 57 1 0 413
5 9 58 1 0 414
5 9 59 1 0 415
5 9 60 1 0 416
5 9 61 1 0 417
5 9 62 1 0 418
5 9 63 1 0 419
6 0 0 1 2 815
6 0 1 1 2 814
6 0 2 1 2 813
6 0 3 1 2 812
6 0 4 1 2 811
6 0 5 1 2 810
6 0 6 1 2 809
6 0 7 1 2 808
6 0 8 1 2 823
6 0 9 1 2 822
6 0 10 1 2 821
6 0 11 1 2 820
6 0 12 1 2 819
6 0 13 1 2 818
6 0 14 1 2 817
6 0 15 1 2 816
6 0 16 1 2 831
6 0 17 1 2 830
6 0 18 1 2 829
6 0 19 1 2 828
6 0 20 1 2 827
6 0 21 1 2 826
6 0 22 1 2 825
6 0 23 1 2 824
6 0 24 1 2 839
6 0 25 1 2 838
6 0 26 1 2 837
6 0 27 1 2 836
6 0 28 1 2 835
6 0 29 1 2 834
6 0 30 1 2 833
6 0 31 1 2 832
6 0 32 1 2 783
6 0 33 1 2 782
6 0 34 1 2 781
6 0 35 1 2 780
6 0 36 1 2 779
6 0 37 1 2 778
6 0 38 1 2 777
6 0 39 1 2 776
6 0 40 1 2 791
6 0 41 1 2 790
6 0 42 1 2 789
6 0 43 1 2 788
6 0 44 1 2 787
6 0 45 1 2 786
6 0 46 1 2 785
6 0 47 1 2 784
6 0 48 1 2 799
6 0 49 1 2 798
6 0 50 1 2 797
6 0 51 1 2 796
6 0 52 1 2 795
6 0 53 1 2 794
6 0 54 1 2 793
6 0 55 1 2 792
6 0 56 1 2 807
6 0 57 1 2 806
6 0 58 1 2 805
6 0 59 1 2 804
6 0 60 1 2 803
6 0 61 1 2 802
6 0 62 1 2 801
6 0 63 1 2 800
6 1 0 1 2 751
6 1 1 1 2 750
6 1 2 1 2 749
6 1 3 1 2 748
6 1 4 1 2 747
6 1 5 1 2 746
6 1 6 1 2 745
6 1 7 1 2 744
6 1 8 1 2 759
6 1 9 1 2 758
6 1 10 1 2 757
6 1 11 1 2 756
6 1 12 1 2 755
6 1 13 1 2 754
6 1 14 1 2 753
6 1 15 1 2 752
6 1 16 1 2 767
6 1 17 1 2 766
6 1 18 1 2 765
6 1 19 1 2 764
6 1 20 1 2 763
6 1 21 1 2 762
6 1 22 1 2 761
6 1 23 1 2 760
6 1 24 1 2 775
6 1 25 1 2 774
6 1 26 1 2 773
6 1 27 1 2 772
6 1 28 1 2 771
6 1 29 1 2 770
6 1 30 1 2 769
6 1 31 1 2 768
6 1 32 1 0 515
6 1 33 1 0 514
6 1 34 1 0 513
6 1 35 1 0 512
6 1 36 1 0 511
6 1 37 1 0 510
6 1 38 1 0 509
6 1 39 1 0 508
6 1 40 1 0 523
6 1 41 1 0 522
6 1 42 1 0 521
6 1 43 1 0 520
6 1 44 1 0 519
6 1 45 1 0 518
6 1 46 1 0 517
6 1 47 1 0 516
6 1 48 1 0 531
6 1 49 1 0 530
6 1 50 1 0 529
6 1 51 1 0 528
6 1 52 1 0 527
6 1 53 1 0 526
6 1 54 1 0 525
6 1 55 1 0 524
6 1 56 1 0 539
6 1 57 1 0 538
6 1 58 1 0 537
6 1 59 1 0 536
6 1 60 1 0 535
6 1 61 1 0 534
6 1 62 1 0 533
6 1 63 1 0 532
6 2 0 1 2 719
6 2 1 1 2 718
6 2 2 1 2 717
6 2 3 1 2 716
6 2 4 1 2 715
6 2 5 1 2 714
6 2 6 1 2 713
6 2 7 1 2 712
6 2 8 1 2 727
6 2 9 1 2 726
6 2 10 1 2 725
6 2 11 1 2 724
6 2 12 1 2 723
6 2 13 1 2 722
6 2 14 1 2 721
6 2 15 1 2 720
6 2 16 1 2 735
6 2 17 1 2 734
6 2 18 1 2 733
6 2 19 1 2 732
6 2 20 1 2 731
6 2 21 1 2 730
6 2 22 1 2 729
6 2 23 1 2 728
6 2 24 1 2 743
6 2 25 1 2 742
6 2 26 1 2 741
6 2 27 1 2 740
6 2 28 1 2 739
6 2 29 1 2 738
6 2 30 1 2 737
6 2 31 1 2 736
6 2 32 1 2 687
6 2 33 1 2 686
6 2 34 1 2 685
6 2 35 1 2 684
6 2 36 1 2 683
6 2 37 1 2 682
6 2 38 1 2 681
6 2 39 1 2 680
6 2 40 1 2 695
6 2 41 1 2 694
6 2 42 1 2 693
6 2 43 1 2 692
6 2 44 1 2 691
6 2 45 1 2 690
6 2 46 1 2 689
6 2 47 1 2 688
6 2 48 1 2 703
6 2 49 1 2 702
6 2 50 1 2 701
6 2 51 1 2 700
6 2 52 1 2 699
6 2 53 1 2 698
6 2 54 1 2 697
6 2 55 1 2 696
6 2 56 1 2 711
6 2 57 1 2 710
6 2 58 1 2 709
6 2 59 1 2 708
6 2 60 1 2 707
6 2 61 1 2 706
6 2 62 1 2 705
6 2 63 1 2 704
6 3 0 1 2 655
6 3 1 1 2 654
6 3 2 1 2 653
6 3 3 1 2 652
6 3 4 1 2 651
6 3 5 1 2 650
6 3 6 1 2 649
6 3 7 1 2 648
6 3 8 1 2 663
6 3 9 1 2 662
6 3 10 1 2 661
6 3 11 1 2 660
6 3 12 1 2 659
6 3 13 1 2 658
6 3 14 1 2 657
6 3 15 1 2 656
6 3 16 1 2 671
6 3 17 1 2 670
6 3 18 1 2 669
6 3 19 1 2 668
6 3 20 1 2 667
6 3 21 1 2 666
6 3 22 1 2 665
6 3 23 1 2 664
6 3 24 1 2 679
6 3 25 1 2 678
6 3 26 1 2 677
6 3 27 1 2 676
6 3 28 1 2 675
6 3 29 1 2 674
6 3 30 1 2 673
6 3 31 1 2 672
6 3 32 1 0 483
6 3 33 1 0 482
6 3 34 1 0 481
6 3 35 1 0 480
6 3 36 1 0 479
6 3 37 1 0 478
6 3 38 1 0 477
6 3 39 1 0 476
6 3 40 1 0 491
6 3 41 1 0 490
6 3 42 1 0 489
6 3 43 1 0 488
6 3 44 1 0 487
6 3 45 1 0 486
6 3 46 1 0 485
6 3 47 1 0 484
6 3 48 1 0 499
6 3 49 1 0 498
6 3 50 1 0 497
6 3 51 1 0 496
6 3 52 1 0 495
6 3 53 1 0 494
6 3 54 1 0 493
6 3 55 1 0 492
6 3 56 1 0 507
6 3 57 1 0 506
6 3 58 1 0 505
6 3 59 1 0 504
6 3 60 1 0 503
6 3 61 1 0 502
6 3 62 1 0 501
6 3 63 1 0 500
6 4 0 1 2 623
6 4 1 1 2 622
6 4 2 1 2 621
6 4 3 1 2 620
6 4 4 1 2 619
6 4 5 1 2 618
6 4 6 1 2 617
6 4 7 1 2 616
6 4 8 1 2 631
6 4 9 1 2 630
6 4 10 1 2 629
6 4 11 1 2 628
6 4 12 1 2 627
6 4 13 1 2 626
6 4 14 1 2 625
6 4 15 1 2 624
6 4 16 1 2 639
6 4 17 1 2 638
6 4 18 1 2 637
6 4 19 1 2 636
6 4 20 1 2 635
6 4 21 1 2 634
6 4 22 1 2 633
6 4 23 1 2 632
6 4 24 1 2 647
6 4 25 1 2 646
6 4 26 1 2 645
6 4 27 1 2 644
6 4 28 1 2 643
6 4 29 1 2 642
6 4 30 1 2 641
6 4 31 1 2 640
6 4 32 1 2 591
6 4 33 1 2 590
6 4 34 1 2 589
6 4 35 1 2 588
6 4 36 1 2 587
6 4 37 1 2 586
6 4 38 1 2 585
6 4 39 1 2 584
6 4 40 1 2 599
6 4 41 1 2 598
6 4 42 1 2 597
6 4 43 1 2 596
6 4 44 1 2 595
6 4 45 1 2 594
6 4 46 1 2 593
6 4 47 1 2 592
6 4 48 1 2 607
6 4 49 1 2 606
6 4 50 1 2 605
6 4 51 1 2 604
6 4 52 1 2 603
6 4 53 1 2 602
6 4 54 1 2 601
6 4 55 1 2 600
6 4 56 1 2 615
6 4 57 1 2 614
6 4 58 1 2 613
6 4 59 1 2 612
6 4 60 1 2 611
6 4 61 1 2 610
6 4 62 1 2 609
6 4 63 1 2 608
6 5 0 0 2 900
6 5 1 0 2 901
6 5 2 0 2 902
6 5 3 0 2 903
6 5 4 0 2 904
6 5 5 0 2 905
6 5 6 0 2 906
6 5 7 0 2 907
6 5 8 0 2 892
6 5 9 0 2 893
6 5 10 0 2 894
6 5 11 0 2 895
6 5 12 0 2 896
6 5 13 0 2 897
6 5 14 0 2 898
6 5 15 0 2 899
6 5 16 0 2 884
6 5 17 0 2 885
6 5 18 0 2 886
6 5 19 0 2 887
6 5 20 0 2 888
6 5 21 0 2 889
6 5 22 0 2 890
6 5 23 0 2 891
6 5 24 0 2 876
6 5 25 0 2 877
6 5 26 0 2 878
6 5 27 0 2 879
6 5 28 0 2 880
6 5 29 0 2 881
6 5 30 0 2 882
6 5 31 0 2 883
6 5 32 0 1 927
6 5 33 0 1 926
6 5 34 0 1 925
6 5 35 0 1 924
6 5 36 0 1 923
6 5 37 0 1 922
6 5 38 0 1 921
6 5 39 0 1 920
6 5 40 0 1 935
6 5 41 0 1 934
6 5 42 0 1 933
6 5 43 0 1 932
6 5 44 0 1 931
6 5 45 0 1 930
6 5 46 0 1 929
6 5 47 0 1 928
6 5 48 0 1 943
6 5 49 0 1 942
6 5 50 0 1 941
6 5 51 0 1 940
6 5 52 0 1 939
6 5 53 0 1 938
6 5 54 0 1 937
6 5 55 0 1 936
6 5 56 0 1 951
6 5 57 0 1 950
6 5 58 0 1 949
6 5 59 0 1 948
6 5 60 0 1 947
6 5 61 0 1 946
6 5 62 0 1 945
6 5 63 0 1 944
6 6 0 0 2 932
6 6 1 0 2 933
6 6 2 0 2 934
6 6 3 0 2 935
6 6 4 0 2 936
6 6 5 0 2 937
6 6 6 0 2 938
6 6 7 0 2 939
6 6 8 0 2 924
6 6 9 0 2 925
6 6 10 0 2 926
6 6 11 0 2 927
6 6 12 0 2 928
6 6 13 0 2 929
6 6 14 0 2 930
6 6 15 0 2 931
6 6 16 0 2 916
6 6 17 0 2 917
6 6 18 0 2 918
6 6 19 0 2 919
6 6 20 0 2 920
6 6 21 0 2 921
6 6 22 0 2 922
6 6 23 0 2 923
6 6 24 0 2 908
6 6 25 0 2 909
6 6 26 0 2 910
6 6 27 0 2 911
6 6 28 0 2 912
6 6 29 0 2 913
6 6 30 0 2 914
6 6 31 0 2 915
6 6 32 0 2 964
6 6 33 0 2 965
6 6 34 0 2 966
6 6 35 0 2 967
6 6 36 0 2 968
6 6 37 0 2 969
6 6 38 0 2 970
6 6 39 0 2 971
6 6 40 0 2 956
6 6 41 0 2 957
6 6 42 0 2 958
6 6 43 0 2 959
6 6 44 0 2 960
6 6 45 0 2 961
6 6 46 0 2 962
6 6 47 0 2 963
6 6 48 0 2 948
6 6 49 0 2 949
6 6 50 0 2 950
6 6 51 0 2 951
6 6 52 0 2 952
6 6 53 0 2 953
6 6 54 0 2 954
6 6 55 0 2 955
6 6 56 0 2 940
6 6 57 0 2 941
6 6 58 0 2 942
6 6 59 0 2 943
6 6 60 0 2 944
6 6 61 0 2 945
6 6 62 0 2 946
6 6 63 0 2 947
6 7 0 0 2 996
6 7 1 0 2 997
6 7 2 0 2 998
6 7 3 0 2 999
6 7 4 0 2 1000
6 7 5 0 2 1001
6 7 6 0 2 1002
6 7 7 0 2 1003
6 7 8 0 2 988
6 7 9 0 2 989
6 7 10 0 2 990
6 7 11 0 2 991
6 7 12 0 2 992
6 7 13 0 2 993
6 7 14 0 2 994
6 7 15 0 2 995
6 7 16 0 2 980
6 7 17 0 2 981
6 7 18 0 2 982
6 7 19 0 2 983
6 7 20 0 2 984
6 7 21 0 2 985
6 7 22 0 2 986
6 7 23 0 2 987
6 7 24 0 2 972
6 7 25 0 2 973
6 7 26 0 2 974
6 7 27 0 2 975
6 7 28 0 2 976
6 7 29 0 2 977
6 7 30 0 2 978
6 7 31 0 2 979
6 7 32 0 1 895
6 7 33 0 1 894
6 7 34 0 1 893
6 7 35 0 1 892
6 7 36 0 1 891
6 7 37 0 1 890
6 7 38 0 1 889
6 7 39 0 1 888
6 7 40 0 1 903
6 7 41 0 1 902
6 7 42 0 1 901
6 7 43 0 1 900
6 7 44 0 1 899
6 7 45 0 1 898
6 7 46 0 1 897
6 7 47 0 1 896
6 7 48 0 1 911
6 7 49 0 1 910
6 7 50 0 1 909
6 7 51 0 1 908
6 7 52 0 1 907
6 7 53 0 1 906
6 7 54 0 1 905
6 7 55 0 1 904
6 7 56 0 1 919
6 7 57 0 1 918
6 7 58 0 1 917
6 7 59 0 1 916
6 7 60 0 1 915
6 7 61 0 1 914
6 7 62 0 1 913
6 7 63 0 1 912
6 8 0 0 2 1028
6 8 1 0 2 1029
6 8 2 0 2 1030
6 8 3 0 2 1031
6 8 4 0 2 1032
6 8 5 0 2 1033
6 8 6 0 2 1034
6 8 7 0 2 1035
6 8 8 0 2 1020
6 8 9 0 2 1021
6 8 10 0 2 1022
6 8 11 0 2 1023
6 8 12 0 2 1024
6 8 13 0 2 1025
6 8 14 0 2 1026
6 8 15 0 2 1027
6 8 16 0 2 1012
6 8 17 0 2 1013
6 8 18 0 2 1014
6 8 19 0 2 1015
6 8 20 0 2 1016
6 8 21 0 2 1017
6 8 22 0 2 1018
6 8 23 0 2 1019
6 8 24 0 2 1004
6 8 25 0 2 1005
6 8 26 0 2 1006
6 8 27 0 2 1007
6 8 28 0 2 1008
6 8 29 0 2 1009
6 8 30 0 2 1010
6 8 31 0 2 1011
6 8 32 0 2 1060
6 8 33 0 2 1061
6 8 34 0 2 1062
6 8 35 0 2 1063
6 8 36 0 2 1064
6 8 37 0 2 1065
6 8 38 0 2 1066
6 8 39 0 2 1067
6 8 40 0 2 1052
6 8 41 0 2 1053
6 8 42 0 2 1054
6 8 43 0 2 1055
6 8 44 0 2 1056
6 8 45 0 2 1057
6 8 46 0 2 1058
6 8 47 0 2 1059
6 8 48 0 2 1044
6 8 49 0 2 1045
6 8 50 0 2 1046
6 8 51 0 2 1047
6 8 52 0 2 1048
6 8 53 0 2 1049
6 8 54 0 2 1050
6 8 55 0 2 1051
6 8 56 0 2 1036
6 8 57 0 2 1037
6 8 58 0 2 1038
6 8 59 0 2 1039
6 8 60 0 2 1040
6 8 61 0 2 1041
6 8 62 0 2 1042
6 8 63 0 2 1043
6 9 0 0 2 1092
6 9 1 0 2 1093
6 9 2 0 2 1094
6 9 3 0 2 1095
6 9 4 0 2 1096
6 9 5 0 2 1097
6 9 6 0 2 1098
6 9 7 0 2 1099
6 9 8 0 2 1084
6 9 9 0 2 1085
6 9 10 0 2 1086
6 9 11 0 2 1087
6 9 12 0 2 1088
6 9 13 0 2 1089
6 9 14 0 2 1090
6 9 15 0 2 1091
6 9 16 0 2 1076
6 9 17 0 2 1077
6 9 18 0 2 1078
6 9 19 0 2 1079
6 9 20 0 2 1080
6 9 21 0 2 1081
6 9 22 0 2 1082
6 9 23 0 2 1083
6 9 24 0 2 1068
6 9 25 0 2 1069
6 9 26 0 2 1070
6 9 27 0 2 1071
6 9 28 0 2 1072
6 9 29 0 2 1073
6 9 30 0 2 1074
6 9 31 0 2 1075
6 9 32 0 1 863
6 9 33 0 1 862
6 9 34 0 1 861
6 9 35 0 1 860
6 9 36 0 1 859
6 9 37 0 1 858
6 9 38 0 1 857
6 9 39 0 1 856
6 9 40 0 1 871
6 9 41 0 1 870
6 9 42 0 1 869
6 9 43 0 1 868
6 9 44 0 1 867
6 9 45 0 1 866
6 9 46 0 1 865
6 9 47 0 1 864
6 9 48 0 1 879
6 9 49 0 1 878
6 9 50 0 1 877
6 9 51 0 1 876
6 9 52 0 1 875
6 9 53 0 1 874
6 9 54 0 1 873
6 9 55 0 1 872
6 9 56 0 1 887
6 9 57 0 1 886
6 9 58 0 1 885
6 9 59 0 1 884
6 9 60 0 1 883
6 9 61 0 1 882
6 9 62 0 1 881
6 9 63 0 1 880
7 0 0 0 2 1124
7 0 1 0 2 1125
7 0 2 0 2 1126
7 0 3 0 2 1127
7 0 4 0 2 1128
7 0 5 0 2 1129
7 0 6 0 2 1130
7 0 7 0 2 1131
7 0 8 0 2 1116
7 0 9 0 2 1117
7 0 10 0 2 1118
7 0 11 0 2 1119
7 0 12 0 2 1120
7 0 13 0 2 1121
7 0 14 0 2 1122
7 0 15 0 2 1123
7 0 16 0 2 1108
7 0 17 0 2 1109
7 0 18 0 2 1110
7 0 19 0 2 1111
7 0 20 0 2 1112
7 0 21 0 2 1113
7 0 22 0 2 1114
7 0 23 0 2 1115
7 0 24 0 2 1100
7 0 25 0 2 1101
7 0 26 0 2 1102
7 0 27 0 2 1103
7 0 28 0 2 1104
7 0 29 0 2 1105
7 0 30 0 2 1106
7 0 31 0 2 1107
7 0 32 0 2 1156
7 0 33 0 2 1157
7 0 34 0 2 1158
7 0 35 0 2 1159
7 0 36 0 2 1160
7 0 37 0 2 1161
7 0 38 0 2 1162
7 0 39 0 2 1163
7 0 40 0 2 1148
7 0 41 0 2 1149
7 0 42 0 2 1150
7 0 43 0 2 1151
7 0 44 0 2 1152
7 0 45 0 2 1153
7 0 46 0 2 1154
7 0 47 0 2 1155
7 0 48 0 2 1140
7 0 49 0 2 1141
7 0 50 0 2 1142
7 0 51 0 2 1143
7 0 52 0 2 1144
7 0 53 0 2 1145
7 0 54 0 2 1146
7 0 55 0 2 1147
7 0 56 0 2 1132
7 0 57 0 2 1133
7 0 58 0 2 1134
7 0 59 0 2 1135
7 0 60 0 2 1136
7 0 61 0 2 1137
7 0 62 0 2 1138
7 0 63 0 2 1139
7 1 0 0 0 941
7 1 1 0 1 845
7 1 2 0 0 940
7 1 3 0 1 844
7 1 4 0 0 939
7 1 5 0 1 843
7 1 6 0 0 938
7 1 7 0 1 842
7 1 8 0 0 945
7 1 9 0 1 849
7 1 10 0 0 944
7 1 11 0 1 848
7 1 12 0 0 943
7 1 13 0 1 847
7 1 14 0 0 942
7 1 15 0 1 846
7 1 16 0 0 949
7 1 17 0 1 853
7 1 18 0 0 948
7 1 19 0 1 852
7 1 20 0 0 947
7 1 21 0 1 851
7 1 22 0 0 946
7 1 23 0 1 850
7 1 24 0 2 1164
7 1 25 0 2 1165
7 1 26 0 2 1166
7 1 27 0 2 1167
7 1 28 0 0 951
7 1 29 0 1 855
7 1 30 0 0 950
7 1 31 0 1 854
7 1 32 0 0 925
7 1 33 0 1 829
7 1 34 0 0 924
7 1 35 0 1 828
7 1 36 0 0 923
7 1 37 0 1 827
7 1 38 0 0 922
7 1 39 0 1 826
7 1 40 0 0 929
7 1 41 0 1 833
7 1 42 0 0 928
7 1 43 0 1 832
7 1 44 0 0 927
7 1 45 0 1 831
7 1 46 0 0 926
7 1 47 0 1 830
7 1 48 0 0 933
7 1 49 0 1 837
7 1 50 0 0 932
7 1 51 0 1 836
7 1 52 0 0 931
7 1 53 0 1 835
7 1 54 0 0 930
7 1 55 0 1 834
7 1 56 0 0 937
7 1 57 0 1 841
7 1 58 0 0 936
7 1 59 0 1 840
7 1 60 0 0 935
7 1 61 0 1 839
7 1 62 0 0 934
7 1 63 0 1 838
7 2 0 0 0 909
7 2 1 0 1 813
7 2 2 0 0 908
7 2 3 0 1 812
7 2 4 0 0 907
7 2 5 0 1 811
7 2 6 0 0 906
7 2 7 0 1 810
7 2 8 0 0 913
7 2 9 0 1 817
7 2 10 0 0 912
7 2 11 0 1 816
7 2 12 0 0 911
7 2 13 0 1 815
7 2 14 0 0 910
7 2 15 0 1 814
7 2 16 0 0 917
7 2 17 0 1 821
7 2 18 0 0 916
7 2 19 0 1 820
7 2 20 0 0 915
7 2 21 0 1 819
7 2 22 0 0 914
7 2 23 0 1 818
7 2 24 0 0 921
7 2 25 0 1 825
7 2 26 0 0 920
7 2 27 0 1 824
7 2 28 0 0 919
7 2 29 0 1 823
7 2 30 0 0 918
7 2 31 0 1 822
7 2 32 0 0 893
7 2 33 0 1 797
7 2 34 0 0 892
7 2 35 0 1 796
7 2 36 0 0 891
7 2 37 0 1 795
7 2 38 0 0 890
7 2 39 0 1 794
7 2 40 0 0 897
7 2 41 0 1 801
7 2 42 0 0 896
7 2 43 0 1 800
7 2 44 0 0 895
7 2 45 0 1 799
7 2 46 0 0 894
7 2 47 0 1 798
7 2 48 0 0 901
7 2 49 0 1 805
7 2 50 0 0 900
7 2 51 0 1 804
7 2 52 0 0 899
7 2 53 0 1 803
7 2 54 0 0 898
7 2 55 0 1 802
7 2 56 0 0 905
7 2 57 0 1 809
7 2 58 0 0 904
7 2 59 0 1 808
7 2 60 0 0 903
7 2 61 0 1 807
7 2 62 0 0 902
7 2 63 0 1 806
7 3 0 0 1 781
7 3 1 0 0 877
7 3 2 0 1 780
7 3 3 0 0 876
7 3 4 0 1 779
7 3 5 0 0 875
7 3 6 0 1 778
7 3 7 0 0 874
7 3 8 0 1 785
7 3 9 0 0 881
7 3 10 0 1 784
7 3 11 0 0 880
7 3 12 0 1 783
7 3 13 0 0 879
7 3 14 0 1 782
7 3 15 0 0 878
7 3 16 0 1 789
7 3 17 0 0 885
7 3 18 0 1 788
7 3 19 0 0 884
7 3 20 0 1 787
7 3 21 0 0 883
7 3 22 0 1 786
7 3 23 0 0 882
7 3 24 0 1 793
7 3 25 0 0 889
7 3 26 0 1 792
7 3 27 0 0 888
7 3 28 0 1 791
7 3 29 0 0 887
7 3 30 0 1 790
7 3 31 0 0 886
7 3 32 0 1 765
7 3 33 0 0 861
7 3 34 0 1 764
7 3 35 0 0 860
7 3 36 0 1 763
7 3 37 0 0 859
7 3 38 0 1 762
7 3 39 0 0 858
7 3 40 0 1 769
7 3 41 0 0 865
7 3 42 0 1 768
7 3 43 0 0 864
7 3 44 0 1 767
7 3 45 0 0 863
7 3 46 0 1 766
7 3 47 0 0 862
7 3 48 0 1 773
7 3 49 0 0 869
7 3 50 0 1 772
7 3 51 0 0 868
7 3 52 0 1 771
7 3 53 0 0 867
7 3 54 0 1 770
7 3 55 0 0 866
7 3 56 0 1 777
7 3 57 0 0 873
7 3 58 0 1 776
7 3 59 0 0 872
7 3 60 0 1 775
7 3 61 0 0 871
7 3 62 0 1 774
7 3 63 0 0 870
7 4 0 1 1 557
7 4 1 1 0 653
7 4 2 1 1 556
7 4 3 1 0 652
7 4 4 1 1 555
7 4 5 1 0 651
7 4 6 1 1 554
7 4 7 1 0 650
7 4 8 1 1 561
7 4 9 1 0 657
7 4 10 1 1 560
7 4 11 1 0 656
7 4 12 1 1 559
7 4 13 1 0 655
7 4 14 1 1 558
7 4 15 1 0 654
7 4 16 1 1 565
7 4 17 1 0 661
7 4 18 1 1 564
7 4 19 1 0 660
7 4 20 1 1 563
7 4 21 1 0 659
7 4 22 1 1 562
7 4 23 1 0 658
7 4 24 1 1 569
7 4 25 1 0 665
7 4 26 1 1 568
7 4 27 1 0 664
7 4 28 1 1 567
7 4 29 1 0 663
7 4 30 1 1 566
7 4 31 1 0 662
7 4 32 1 1 541
7 4 33 1 0 637
7 4 34 1 1 540
7 4 35 1 0 636
7 4 36 1 1 539
7 4 37 1 0 635
7 4 38 1 1 538
7 4 39 1 0 634
7 4 40 1 1 545
7 4 41 1 0 641
7 4 42 1 1 544
7 4 43 1 0 640
7 4 44 1 1 543
7 4 45 1 0 639
7 4 46 1 1 542
7 4 47 1 0 638
7 4 48 1 1 549
7 4 49 1 0 645
7 4 50 1 1 548
7 4 51 1 0 644
7 4 52 1 1 547
7 4 53 1 0 643
7 4 54 1 1 546
7 4 55 1 0 642
7 4 56 1 1 553
7 4 57 1 0 649
7 4 58 1 1 552
7 4 59 1 0 648
7 4 60 1 1 551
7 4 61 1 0 647
7 4 62 1 1 550
7 4 63 1 0 646
7 5 0 1 0 621
7 5 1 1 1 525
7 5 2 1 0 620
7 5 3 1 1 524
7 5 4 1 0 619
7 5 5 1 1 523
7 5 6 1 0 618
7 5 7 1 1 522
7 5 8 1 0 625
7 5 9 1 1 529
7 5 10 1 0 624
7 5 11 1 1 528
7 5 12 1 0 623
7 5 13 1 1 527
7 5 14 1 0 622
7 5 15 1 1 526
7 5 16 1 0 629
7 5 17 1 1 533
7 5 18 1 0 628
7 5 19 1 1 532
7 5 20 1 0 627
7 5 21 1 1 531
7 5 22 1 0 626
7 5 23 1 1 530
7 5 24 1 0 633
7 5 25 1 1 537
7 5 26 1 0 632
7 5 27 1 1 536
7 5 28 1 0 631
7 5 29 1 1 535
7 5 30 1 0 630
7 5 31 1 1 534
7 5 32 1 0 605
7 5 33 1 1 509
7 5 34 1 0 604
7 5 35 1 1 508
7 5 36 1 0 603
7 5 37 1 1 507
7 5 38 1 0 602
7 5 39 1 1 506
7 5 40 1 0 609
7 5 41 1 1 513
7 5 42 1 0 608
7 5 43 1 1 512
7 5 44 1 0 607
7 5 45 1 1 511
7 5 46 1 0 606
7 5 47 1 1 510
7 5 48 1 0 613
7 5 49 1 1 517
7 5 50 1 0 612
7 5 51 1 1 516
7 5 52 1 0 611
7 5 53 1 1 515
7 5 54 1 0 610
7 5 55 1 1 514
7 5 56 1 0 617
7 5 57 1 1 521
7 5 58 1 0 616
7 5 59 1 1 520
7 5 60 1 0 615
7 5 61 1 1 519
7 5 62 1 0 614
7 5 63 1 1 518
7 6 0 1 0 589
7 6 1 1 1 493
7 6 2 1 0 588
7 6 3 1 1 492
7 6 4 1 0 587
7 6 5 1 1 491
7 6 6 1 0 586
7 6 7 1 1 490
7 6 8 1 0 593
7 6 9 1 1 497
7 6 10 1 0 592
7 6 11 1 1 496
7 6 12 1 0 591
7 6 13 1 1 495
7 6 14 1 0 590
7 6 15 1 1 494
7 6 16 1 0 597
7 6 17 1 1 501
7 6 18 1 0 596
7 6 19 1 1 500
7 6 20 1 0 595
7 6 21 1 1 499
7 6 22 1 0 594
7 6 23 1 1 498
7 6 24 1 0 601
7 6 25 1 1 505
7 6 26 1 0 600
7 6 27 1 1 504
7 6 28 1 0 599
7 6 29 1 1 503
7 6 30 1 0 598
7 6 31 1 1 502
7 6 32 1 0 573
7 6 33 1 1 477
7 6 34 1 0 572
7 6 35 1 1 476
7 6 36 1 2 875
7 6 37 1 2 874
7 6 38 1 2 873
7 6 39 1 2 872
7 6 40 1 0 577
7 6 41 1 1 481
7 6 42 1 0 576
7 6 43 1 1 480
7 6 44 1 0 575
7 6 45 1 1 479
7 6 46 1 0 574
7 6 47 1 1 478
7 6 48 1 0 581
7 6 49 1 1 485
7 6 50 1 0 580
7 6 51 1 1 484
7 6 52 1 0 579
7 6 53 1 1 483
7 6 54 1 0 578
7 6 55 1 1 482
7 6 56 1 0 585
7 6 57 1 1 489
7 6 58 1 0 584
7 6 59 1 1 488
7 6 60 1 0 583
7 6 61 1 1 487
7 6 62 1 0 582
7 6 63 1 1 486
7 7 0 1 2 847
7 7 1 1 2 846
7 7 2 1 2 845
7 7 3 1 2 844
7 7 4 1 2 843
7 7 5 1 2 842
7 7 6 1 2 841
7 7 7 1 2 840
7 7 8 1 2 855
7 7 9 1 2 854
7 7 10 1 2 853
7 7 11 1 2 852
7 7 12 1 2 851
7 7 13 1 2 850
7 7 14 1 2 849
7 7 15 1 2 848
7 7 16 1 2 863
7 7 17 1 2 862
7 7 18 1 2 861
7 7 19 1 2 860
7 7 20 1 2 859
7 7 21 1 2 858
7 7 22 1 2 857
7 7 23 1 2 856
7 7 24 1 2 871
7 7 25 1 2 870
7 7 26 1 2 869
7 7 27 1 2 868
7 7 28 1 2 867
7 7 29 1 2 866
7 7 30 1 2 865
7 7 31 1 2 864
7 7 32 1 0 547
7 7 33 1 0 546
7 7 34 1 0 545
7 7 35 1 0 544
7 7 36 1 0 543
7 7 37 1 0 542
7 7 38 1 0 541
7 7 39 1 0 540
7 7 40 1 0 555
7 7 41 1 0 554
7 7 42 1 0 553
7 7 43 1 0 552
7 7 44 1 0 551
7 7 45 1 0 550
7 7 46 1 0 549
7 7 47 1 0 548
7 7 48 1 0 563
7 7 49 1 0 562
7 7 50 1 0 561
7 7 51 1 0 560
7 7 52 1 0 559
7 7 53 1 0 558
7 7 54 1 0 557
7 7 55 1 0 556
7 7 56 1 0 571
7 7 57 1 0 570
7 7 58 1 0 569
7 7 59 1 0 568
7 7 60 1 0 567
7 7 61 1 0 566
7 7 62 1 0 565
7 7 63 1 0 564
8 0 0 0 1 394
8 0 1 0 0 298
8 0 2 0 1 395
8 0 3 0 0 299
8 0 4 0 1 396
8 0 5 0 0 300
8 0 6 0 1 397
8 0 7 0 0 301
8 0 8 0 1 390
8 0 9 0 0 294
8 0 10 0 1 391
8 0 11 0 0 295
8 0 12 0 1 392
8 0 13 0 0 296
8 0 14 0 1 393
8 0 15 0 0 297
8 0 16 0 1 386
8 0 17 0 0 290
8 0 18 0 1 387
8 0 19 0 0 291
8 0 20 0 1 388
8 0 21 0 0 292
8 0 22 0 1 389
8 0 23 0 0 293
8 0 24 0 1 382
8 0 25 0 0 286
8 0 26 0 1 383
8 0 27 0 0 287
8 0 28 0 1 384
8 0 29 0 0 288
8 0 30 0 1 385
8 0 31 0 0 289
8 0 32 0 1 410
8 0 33 0 0 314
8 0 34 0 1 411
8 0 35 0 0 315
8 0 36 0 1 412
8 0 37 0 0 316
8 0 38 0 1 413
8 0 39 0 0 317
8 0 40 0 1 406
8 0 41 0 0 310
8 0 42 0 1 407
8 0 43 0 0 311
8 0 44 0 1 408
8 0 45 0 0 312
8 0 46 0 1 409
8 0 47 0 0 313
8 0 48 0 1 402
8 0 49 0 0 306
8 0 50 0 1 403
8 0 51 0 0 307
8 0 52 0 1 404
8 0 53 0 0 308
8 0 54 0 1 405
8 0 55 0 0 309
8 0 56 0 1 398
8 0 57 0 0 302
8 0 58 0 1 399
8 0 59 0 0 303
8 0 60 0 1 400
8 0 61 0 0 304
8 0 62 0 1 401
8 0 63 0 0 305
8 1 0 0 0 330
8 1 1 0 1 426
8 1 2 0 0 331
8 1 3 0 1 427
8 1 4 0 0 332
8 1 5 0 1 428
8 1 6 0 0 333
8 1 7 0 1 429
8 1 8 0 0 326
8 1 9 0 1 422
8 1 10 0 0 327
8 1 11 0 1 423
8 1 12 0 0 328
8 1 13 0 1 424
8 1 14 0 0 329
8 1 15 0 1 425
8 1 16 0 0 322
8 1 17 0 1 418
8 1 18 0 0 323
8 1 19 0 1 419
8 1 20 0 0 324
8 1 21 0 1 420
8 1 22 0 0 325
8 1 23 0 1 421
8 1 24 0 0 318
8 1 25 0 1 414
8 1 26 0 0 319
8 1 27 0 1 415
8 1 28 0 0 320
8 1 29 0 1 416
8 1 30 0 0 321
8 1 31 0 1 417
8 1 32 0 0 346
8 1 33 0 1 442
8 1 34 0 0 347
8 1 35 0 1 443
8 1 36 0 0 348
8 1 37 0 1 444
8 1 38 0 0 349
8 1 39 0 1 445
8 1 40 0 0 342
8 1 41 0 1 438
8 1 42 0 0 343
8 1 43 0 1 439
8 1 44 0 0 344
8 1 45 0 1 440
8 1 46 0 0 345
8 1 47 0 1 441
8 1 48 0 0 338
8 1 49 0 1 434
8 1 50 0 0 339
8 1 51 0 1 435
8 1 52 0 0 340
8 1 53 0 1 436
8 1 54 0 0 341
8 1 55 0 1 437
8 1 56 0 0 334
8 1 57 0 1 430
8 1 58 0 0 335
8 1 59 0 1 431
8 1 60 0 0 336
8 1 61 0 1 432
8 1 62 0 0 337
8 1 63 0 1 433
8 2 0 0 0 362
8 2 1 0 1 458
8 2 2 0 0 363
8 2 3 0 1 459
8 2 4 0 0 364
8 2 5 0 1 460
8 2 6 0 0 365
8 2 7 0 1 461
8 2 8 0 0 358
8 2 9 0 1 454
8 2 10 0 0 359
8 2 11 0 1 455
8 2 12 0 0 360
8 2 13 0 1 456
8 2 14 0 0 361
8 2 15 0 1 457
8 2 16 0 0 354
8 2 17 0 1 450
8 2 18 0 0 355
8 2 19 0 1 451
8 2 20 0 0 356
8 2 21 0 1 452
8 2 22 0 0 357
8 2 23 0 1 453
8 2 24 0 0 350
8 2 25 0 1 446
8 2 26 0 0 351
8 2 27 0 1 447
8 2 28 0 0 352
8 2 29 0 1 448
8 2 30 0 0 353
8 2 31 0 1 449
8 2 32 0 0 378
8 2 33 0 1 474
8 2 34 0 0 379
8 2 35 0 1 475
8 2 36 0 2 292
8 2 37 0 2 293
8 2 38 0 2 294
8 2 39 0 2 295
8 2 40 0 0 374
8 2 41 0 1 470
8 2 42 0 0 375
8 2 43 0 1 471
8 2 44 0 0 376
8 2 45 0 1 472
8 2 46 0 0 377
8 2 47 0 1 473
8 2 48 0 0 370
8 2 49 0 1 466
8 2 50 0 0 371
8 2 51 0 1 467
8 2 52 0 0 372
8 2 53 0 1 468
8 2 54 0 0 373
8 2 55 0 1 469
8 2 56 0 0 366
8 2 57 0 1 462
8 2 58 0 0 367
8 2 59 0 1 463
8 2 60 0 0 368
8 2 61 0 1 464
8 2 62 0 0 369
8 2 63 0 1 465
8 3 0 0 2 320
8 3 1 0 2 321
8 3 2 0 2 322
8 3 3 0 2 323
8 3 4 0 2 324
8 3 5 0 2 325
8 3 6 0 2 326
8 3 7 0 2 327
8 3 8 0 2 312
8 3 9 0 2 313
8 3 10 0 2 314
8 3 11 0 2 315
8 3 12 0 2 316
8 3 13 0 2 317
8 3 14 0 2 318
8 3 15 0 2 319
8 3 16 0 2 304
8 3 17 0 2 305
8 3 18 0 2 306
8 3 19 0 2 307
8 3 20 0 2 308
8 3 21 0 2 309
8 3 22 0 2 310
8 3 23 0 2 311
8 3 24 0 2 296
8 3 25 0 2 297
8 3 26 0 2 298
8 3 27 0 2 299
8 3 28 0 2 300
8 3 29 0 2 301
8 3 30 0 2 302
8 3 31 0 2 303
8 3 32 0 0 404
8 3 33 0 0 405
8 3 34 0 0 406
8 3 35 0 0 407
8 3 36 0 0 408
8 3 37 0 0 409
8 3 38 0 0 410
8 3 39 0 0 411
8 3 40 0 0 396
8 3 41 0 0 397
8 3 42 0 0 398
8 3 43 0 0 399
8 3 44 0 0 400
8 3 45 0 0 401
8 3 46 0 0 402
8 3 47 0 0 403
8 3 48 0 0 388
8 3 49 0 0 389
8 3 50 0 0 390
8 3 51 0 0 391
8 3 52 0 0 392
8 3 53 0 0 393
8 3 54 0 0 394
8 3 55 0 0 395
8 3 56 0 0 380
8 3 57 0 0 381
8 3 58 0 0 382
8 3 59 0 0 383
8 3 60 0 0 384
8 3 61 0 0 385
8 3 62 0 0 386
8 3 63 0 0 387
8 4 0 1 2 43
8 4 1 1 2 42
8 4 2 1 2 41
8 4 3 1 2 40
8 4 4 1 2 39
8 4 5 1 2 38
8 4 6 1 2 37
8 4 7 1 2 36
8 4 8 1 2 51
8 4 9 1 2 50
8 4 10 1 2 49
8 4 11 1 2 48
8 4 12 1 2 47
8 4 13 1 2 46
8 4 14 1 2 45
8 4 15 1 2 44
8 4 16 1 2 59
8 4 17 1 2 58
8 4 18 1 2 57
8 4 19 1 2 56
8 4 20 1 2 55
8 4 21 1 2 54
8 4 22 1 2 53
8 4 23 1 2 52
8 4 24 1 2 67
8 4 25 1 2 66
8 4 26 1 2 65
8 4 27 1 2 64
8 4 28 1 2 63
8 4 29 1 2 62
8 4 30 1 2 61
8 4 31 1 2 60
8 4 32 1 2 11
8 4 33 1 2 10
8 4 34 1 2 9
8 4 35 1 2 8
8 4 36 1 2 7
8 4 37 1 2 6
8 4 38 1 2 5
8 4 39 1 2 4
8 4 40 1 2 19
8 4 41 1 2 18
8 4 42 1 2 17
8 4 43 1 2 16
8 4 44 1 2 15
8 4 45 1 2 14
8 4 46 1 2 13
8 4 47 1 2 12
8 4 48 1 2 27
8 4 49 1 2 26
8 4 50 1 2 25
8 4 51 1 2 24
8 4 52 1 2 23
8 4 53 1 2 22
8 4 54 1 2 21
8 4 55 1 2 20
8 4 56 1 2 35
8 4 57 1 2 34
8 4 58 1 2 33
8 4 59 1 2 32
8 4 60 1 2 31
8 4 61 1 2 30
8 4 62 1 2 29
8 4 63 1 2 28
8 5 0 1 0 10
8 5 1 1 1 106
8 5 2 1 0 11
8 5 3 1 1 107
8 5 4 1 0 12
8 5 5 1 1 108
8 5 6 1 0 13
8 5 7 1 1 109
8 5 8 1 0 6
8 5 9 1 1 102
8 5 10 1 0 7
8 5 11 1 1 103
8 5 12 1 0 8
8 5 13 1 1 104
8 5 14 1 0 9
8 5 15 1 1 105
8 5 16 1 0 2
8 5 17 1 1 98
8 5 18 1 0 3
8 5 19 1 1 99
8 5 20 1 0 4
8 5 21 1 1 100
8 5 22 1 0 5
8 5 23 1 1 101
8 5 24 1 2 3
8 5 25 1 2 2
8 5 26 1 2 1
8 5 27 1 2 0
8 5 28 1 0 0
8 5 29 1 1 96
8 5 30 1 0 1
8 5 31 1 1 97
8 5 32 1 0 26
8 5 33 1 1 122
8 5 34 1 0 27
8 5 35 1 1 123
8 5 36 1 0 28
8 5 37 1 1 124
8 5 38 1 0 29
8 5 39 1 1 125
8 5 40 1 0 22
8 5 41 1 1 118
8 5 42 1 0 23
8 5 43 1 1 119
8 5 44 1 0 24
8 5 45 1 1 120
8 5 46 1 0 25
8 5 47 1 1 121
8 5 48 1 0 18
8 5 49 1 1 114
8 5 50 1 0 19
8 5 51 1 1 115
8 5 52 1 0 20
8 5 53 1 1 116
8 5 54 1 0 21
8 5 55 1 1 117
8 5 56 1 0 14
8 5 57 1 1 110
8 5 58 1 0 15
8 5 59 1 1 111
8 5 60 1 0 16
8 5 61 1 1 112
8 5 62 1 0 17
8 5 63 1 1 113
8 6 0 1 0 42
8 6 1 1 1 138
8 6 2 1 0 43
8 6 3 1 1 139
8 6 4 1 0 44
8 6 5 1 1 140
8 6 6 1 0 45
8 6 7 1 1 141
8 6 8 1 0 38
8 6 9 1 1 134
8 6 10 1 0 39
8 6 11 1 1 135
8 6 12 1 0 40
8 6 13 1 1 136
8 6 14 1 0 41
8 6 15 1 1 137
8 6 16 1 0 34
8 6 17 1 1 130
8 6 18 1 0 35
8 6 19 1 1 131
8 6 20 1 0 36
8 6 21 1 1 132
8 6 22 1 0 37
8 6 23 1 1 133
8 6 24 1 0 30
8 6 25 1 1 126
8 6 26 1 0 31
8 6 27 1 1 127
8 6 28 1 0 32
8 6 29 1 1 128
8 6 30 1 0 33
8 6 31 1 1 129
8 6 32 1 0 58
8 6 33 1 1 154
8 6 34 1 0 59
8 6 35 1 1 155
8 6 36 1 0 60
8 6 37 1 1 156
8 6 38 1 0 61
8 6 39 1 1 157
8 6 40 1 0 54
8 6 41 1 1 150
8 6 42 1 0 55
8 6 43 1 1 151
8 6 44 1 0 56
8 6 45 1 1 152
8 6 46 1 0 57
8 6 47 1 1 153
8 6 48 1 0 50
8 6 49 1 1 146
8 6 50 1 0 51
8 6 51 1 1 147
8 6 52 1 0 52
8 6 53 1 1 148
8 6 54 1 0 53
8 6 55 1 1 149
8 6 56 1 0 46
8 6 57 1 1 142
8 6 58 1 0 47
8 6 59 1 1 143
8 6 60 1 0 48
8 6 61 1 1 144
8 6 62 1 0 49
8 6 63 1 1 145
8 7 0 1 1 170
8 7 1 1 0 74
8 7 2 1 1 171
8 7 3 1 0 75
8 7 4 1 1 172
8 7 5 1 0 76
8 7 6 1 1 173
8 7 7 1 0 77
8 7 8 1 1 166
8 7 9 1 0 70
8 7 10 1 1 167
8 7 11 1 0 71
8 7 12 1 1 168
8 7 13 1 0 72
8 7 14 1 1 169
8 7 15 1 0 73
8 7 16 1 1 162
8 7 17 1 0 66
8 7 18 1 1 163
8 7 19 1 0 67
8 7 20 1 1 164
8 7 21 1 0 68
8 7 22 1 1 165
8 7 23 1 0 69
8 7 24 1 1 158
8 7 25 1 0 62
8 7 26 1 1 159
8 7 27 1 0 63
8 7 28 1 1 160
8 7 29 1 0 64
8 7 30 1 1 161
8 7 31 1 0 65
8 7 32 1 1 186
8 7 33 1 0 90
8 7 34 1 1 187
8 7 35 1 0 91
8 7 36 1 1 188
8 7 37 1 0 92
8 7 38 1 1 189
8 7 39 1 0 93
8 7 40 1 1 182
8 7 41 1 0 86
8 7 42 1 1 183
8 7 43 1 0 87
8 7 44 1 1 184
8 7 45 1 0 88
8 7 46 1 1 185
8 7 47 1 0 89
8 7 48 1 1 178
8 7 49 1 0 82
8 7 50 1 1 179
8 7 51 1 0 83
8 7 52 1 1 180
8 7 53 1 0 84
8 7 54 1 1 181
8 7 55 1 0 85
8 7 56 1 1 174
8 7 57 1 0 78
8 7 58 1 1 175
8 7 59 1 0 79
8 7 60 1 1 176
8 7 61 1 0 80
8 7 62 1 1 177
8 7 63 1 0 81
9 0 0 0 2 352
9 0 1 0 2 353
9 0 2 0 2 354
9 0 3 0 2 355
9 0 4 0 2 356
9 0 5 0 2 357
9 0 6 0 2 358
9 0 7 0 2 359
9 0 8 0 2 344
9 0 9 0 2 345
9 0 10 0 2 346
9 0 11 0 2 347
9 0 12 0 2 348
9 0 13 0 2 349
9 0 14 0 2 350
9 0 15 0 2 351
9 0 16 0 2 336
9 0 17 0 2 337
9 0 18 0 2 338
9 0 19 0 2 339
9 0 20 0 2 340
9 0 21 0 2 341
9 0 22 0 2 342
9 0 23 0 2 343
9 0 24 0 2 328
9 0 25 0 2 329
9 0 26 0 2 330
9 0 27 0 2 331
9 0 28 0 2 332
9 0 29 0 2 333
9 0 30 0 2 334
9 0 31 0 2 335
9 0 32 0 2 384
9 0 33 0 2 385
9 0 34 0 2 386
9 0 35 0 2 387
9 0 36 0 2 388
9 0 37 0 2 389
9 0 38 0 2 390
9 0 39 0 2 391
9 0 40 0 2 376
9 0 41 0 2 377
9 0 42 0 2 378
9 0 43 0 2 379
9 0 44 0 2 380
9 0 45 0 2 381
9 0 46 0 2 382
9 0 47 0 2 383
9 0 48 0 2 368
9 0 49 0 2 369
9 0 50 0 2 370
9 0 51 0 2 371
9 0 52 0 2 372
9 0 53 0 2 373
9 0 54 0 2 374
9 0 55 0 2 375
9 0 56 0 2 360
9 0 57 0 2 361
9 0 58 0 2 362
9 0 59 0 2 363
9 0 60 0 2 364
9 0 61 0 2 365
9 0 62 0 2 366
9 0 63 0 2 367
9 1 0 0 2 416
9 1 1 0 2 417
9 1 2 0 2 418
9 1 3 0 2 419
9 1 4 0 2 420
9 1 5 0 2 421
9 1 6 0 2 422
9 1 7 0 2 423
9 1 8 0 2 408
9 1 9 0 2 409
9 1 10 0 2 410
9 1 11 0 2 411
9 1 12 0 2 412
9 1 13 0 2 413
9 1 14 0 2 414
9 1 15 0 2 415
9 1 16 0 2 400
9 1 17 0 2 401
9 1 18 0 2 402
9 1 19 0 2 403
9 1 20 0 2 404
9 1 21 0 2 405
9 1 22 0 2 406
9 1 23 0 2 407
9 1 24 0 2 392
9 1 25 0 2 393
9 1 26 0 2 394
9 1 27 0 2 395
9 1 28 0 2 396
9 1 29 0 2 397
9 1 30 0 2 398
9 1 31 0 2 399
9 1 32 0 0 436
9 1 33 0 0 437
9 1 34 0 0 438
9 1 35 0 0 439
9 1 36 0 0 440
9 1 37 0 0 441
9 1 38 0 0 442
9 1 39 0 0 443
9 1 40 0 0 428
9 1 41 0 0 429
9 1 42 0 0 430
9 1 43 0 0 431
9 1 44 0 0 432
9 1 45 0 0 433
9 1 46 0 0 434
9 1 47 0 0 435
9 1 48 0 0 420
9 1 49 0 0 421
9 1 50 0 0 422
9 1 51 0 0 423
9 1 52 0 0 424
9 1 53 0 0 425
9 1 54 0 0 426
9 1 55 0 0 427
9 1 56 0 0 412
9 1 57 0 0 413
9 1 58 0 0 414
9 1 59 0 0 415
9 1 60 0 0 416
9 1 61 0 0 417
9 1 62 0 0 418
9 1 63 0 0 419
9 2 0 0 2 448
9 2 1 0 2 449
9 2 2 0 2 450
9 2 3 0 2 451
9 2 4 0 2 452
9 2 5 0 2 453
9 2 6 0 2 454
9 2 7 0 2 455
9 2 8 0 2 440
9 2 9 0 2 441
9 2 10 0 2 442
9 2 11 0 2 443
9 2 12 0 2 444
9 2 13 0 2 445
9 2 14 0 2 446
9 2 15 0 2 447
9 2 16 0 2 432
9 2 17 0 2 433
9 2 18 0 2 434
9 2 19 0 2 435
9 2 20 0 2 436
9 2 21 0 2 437
9 2 22 0 2 438
9 2 23 0 2 439
9 2 24 0 2 424
9 2 25 0 2 425
9 2 26 0 2 426
9 2 27 0 2 427
9 2 28 0 2 428
9 2 29 0 2 429
9 2 30 0 2 430
9 2 31 0 2 431
9 2 32 0 2 480
9 2 33 0 2 481
9 2 34 0 2 482
9 2 35 0 2 483
9 2 36 0 2 484
9 2 37 0 2 485
9 2 38 0 2 486
9 2 39 0 2 487
9 2 40 0 2 472
9 2 41 0 2 473
9 2 42 0 2 474
9 2 43 0 2 475
9 2 44 0 2 476
9 2 45 0 2 477
9 2 46 0 2 478
9 2 47 0 2 479
9 2 48 0 2 464
9 2 49 0 2 465
9 2 50 0 2 466
9 2 51 0 2 467
9 2 52 0 2 468
9 2 53 0 2 469
9 2 54 0 2 470
9 2 55 0 2 471
9 2 56 0 2 456
9 2 57 0 2 457
9 2 58 0 2 458
9 2 59 0 2 459
9 2 60 0 2 460
9 2 61 0 2 461
9 2 62 0 2 462
9 2 63 0 2 463
9 3 0 0 2 512
9 3 1 0 2 513
9 3 2 0 2 514
9 3 3 0 2 515
9 3 4 0 2 516
9 3 5 0 2 517
9 3 6 0 2 518
9 3 7 0 2 519
9 3 8 0 2 504
9 3 9 0 2 505
9 3 10 0 2 506
9 3 11 0 2 507
9 3 12 0 2 508
9 3 13 0 2 509
9 3 14 0 2 510
9 3 15 0 2 511
9 3 16 0 2 496
9 3 17 0 2 497
9 3 18 0 2 498
9 3 19 0 2 499
9 3 20 0 2 500
9 3 21 0 2 501
9 3 22 0 2 502
9 3 23 0 2 503
9 3 24 0 2 488
9 3 25 0 2 489
9 3 26 0 2 490
9 3 27 0 2 491
9 3 28 0 2 492
9 3 29 0 2 493
9 3 30 0 2 494
9 3 31 0 2 495
9 3 32 0 0 468
9 3 33 0 0 469
9 3 34 0 0 470
9 3 35 0 0 471
9 3 36 0 0 472
9 3 37 0 0 473
9 3 38 0 0 474
9 3 39 0 0 475
9 3 40 0 0 460
9 3 41 0 0 461
9 3 42 0 0 462
9 3 43 0 0 463
9 3 44 0 0 464
9 3 45 0 0 465
9 3 46 0 0 466
9 3 47 0 0 467
9 3 48 0 0 452
9 3 49 0 0 453
9 3 50 0 0 454
9 3 51 0 0 455
9 3 52 0 0 456
9 3 53 0 0 457
9 3 54 0 0 458
9 3 55 0 0 459
9 3 56 0 0 444
9 3 57 0 0 445
9 3 58 0 0 446
9 3 59 0 0 447
9 3 60 0 0 448
9 3 61 0 0 449
9 3 62 0 0 450
9 3 63 0 0 451
9 4 0 0 2 544
9 4 1 0 2 545
9 4 2 0 2 546
9 4 3 0 2 547
9 4 4 0 2 548
9 4 5 0 2 549
9 4 6 0 2 550
9 4 7 0 2 551
9 4 8 0 2 536
9 4 9 0 2 537
9 4 10 0 2 538
9 4 11 0 2 539
9 4 12 0 2 540
9 4 13 0 2 541
9 4 14 0 2 542
9 4 15 0 2 543
9 4 16 0 2 528
9 4 17 0 2 529
9 4 18 0 2 530
9 4 19 0 2 531
9 4 20 0 2 532
9 4 21 0 2 533
9 4 22 0 2 534
9 4 23 0 2 535
9 4 24 0 2 520
9 4 25 0 2 521
9 4 26 0 2 522
9 4 27 0 2 523
9 4 28 0 2 524
9 4 29 0 2 525
9 4 30 0 2 526
9 4 31 0 2 527
9 4 32 0 2 576
9 4 33 0 2 577
9 4 34 0 2 578
9 4 35 0 2 579
9 4 36 0 2 580
9 4 37 0 2 581
9 4 38 0 2 582
9 4 39 0 2 583
9 4 40 0 2 568
9 4 41 0 2 569
9 4 42 0 2 570
9 4 43 0 2 571
9 4 44 0 2 572
9 4 45 0 2 573
9 4 46 0 2 574
9 4 47 0 2 575
9 4 48 0 2 560
9 4 49 0 2 561
9 4 50 0 2 562
9 4 51 0 2 563
9 4 52 0 2 564
9 4 53 0 2 565
9 4 54 0 2 566
9 4 55 0 2 567
9 4 56 0 2 552
9 4 57 0 2 553
9 4 58 0 2 554
9 4 59 0 2 555
9 4 60 0 2 556
9 4 61 0 2 557
9 4 62 0 2 558
9 4 63 0 2 559
9 5 0 1 2 267
9 5 1 1 2 266
9 5 2 1 2 265
9 5 3 1 2 264
9 5 4 1 2 263
9 5 5 1 2 262
9 5 6 1 2 261
9 5 7 1 2 260
9 5 8 1 2 275
9 5 9 1 2 274
9 5 10 1 2 273
9 5 11 1 2 272
9 5 12 1 2 271
9 5 13 1 2 270
9 5 14 1 2 269
9 5 15 1 2 268
9 5 16 1 2 283
9 5 17 1 2 282
9 5 18 1 2 281
9 5 19 1 2 280
9 5 20 1 2 279
9 5 21 1 2 278
9 5 22 1 2 277
9 5 23 1 2 276
9 5 24 1 2 291
9 5 25 1 2 290
9 5 26 1 2 289
9 5 27 1 2 288
9 5 28 1 2 287
9 5 29 1 2 286
9 5 30 1 2 285
9 5 31 1 2 284
9 5 32 1 1 24
9 5 33 1 1 25
9 5 34 1 1 26
9 5 35 1 1 27
9 5 36 1 1 28
9 5 37 1 1 29
9 5 38 1 1 30
9 5 39 1 1 31
9 5 40 1 1 16
9 5 41 1 1 17
9 5 42 1 1 18
9 5 43 1 1 19
9 5 44 1 1 20
9 5 45 1 1 21
9 5 46 1 1 22
9 5 47 1 1 23
9 5 48 1 1 8
9 5 49 1 1 9
9 5 50 1 1 10
9 5 51 1 1 11
9 5 52 1 1 12
9 5 53 1 1 13
9 5 54 1 1 14
9 5 55 1 1 15
9 5 56 1 1 0
9 5 57 1 1 1
9 5 58 1 1 2
9 5 59 1 1 3
9 5 60 1 1 4
9 5 61 1 1 5
9 5 62 1 1 6
9 5 63 1 1 7
9 6 0 1 2 235
9 6 1 1 2 234
9 6 2 1 2 233
9 6 3 1 2 232
9 6 4 1 2 231
9 6 5 1 2 230
9 6 6 1 2 229
9 6 7 1 2 228
9 6 8 1 2 243
9 6 9 1 2 242
9 6 10 1 2 241
9 6 11 1 2 240
9 6 12 1 2 239
9 6 13 1 2 238
9 6 14 1 2 237
9 6 15 1 2 236
9 6 16 1 2 251
9 6 17 1 2 250
9 6 18 1 2 249
9 6 19 1 2 248
9 6 20 1 2 247
9 6 21 1 2 246
9 6 22 1 2 245
9 6 23 1 2 244
9 6 24 1 2 259
9 6 25 1 2 258
9 6 26 1 2 257
9 6 27 1 2 256
9 6 28 1 2 255
9 6 29 1 2 254
9 6 30 1 2 253
9 6 31 1 2 252
9 6 32 1 2 203
9 6 33 1 2 202
9 6 34 1 2 201
9 6 35 1 2 200
9 6 36 1 2 199
9 6 37 1 2 198
9 6 38 1 2 197
9 6 39 1 2 196
9 6 40 1 2 211
9 6 41 1 2 210
9 6 42 1 2 209
9 6 43 1 2 208
9 6 44 1 2 207
9 6 45 1 2 206
9 6 46 1 2 205
9 6 47 1 2 204
9 6 48 1 2 219
9 6 49 1 2 218
9 6 50 1 2 217
9 6 51 1 2 216
9 6 52 1 2 215
9 6 53 1 2 214
9 6 54 1 2 213
9 6 55 1 2 212
9 6 56 1 2 227
9 6 57 1 2 226
9 6 58 1 2 225
9 6 59 1 2 224
9 6 60 1 2 223
9 6 61 1 2 222
9 6 62 1 2 221
9 6 63 1 2 220
9 7 0 1 2 171
9 7 1 1 2 170
9 7 2 1 2 169
9 7 3 1 2 168
9 7 4 1 2 167
9 7 5 1 2 166
9 7 6 1 2 165
9 7 7 1 2 164
9 7 8 1 2 179
9 7 9 1 2 178
9 7 10 1 2 177
9 7 11 1 2 176
9 7 12 1 2 175
9 7 13 1 2 174
9 7 14 1 2 173
9 7 15 1 2 172
9 7 16 1 2 187
9 7 17 1 2 186
9 7 18 1 2 185
9 7 19 1 2 184
9 7 20 1 2 183
9 7 21 1 2 182
9 7 22 1 2 181
9 7 23 1 2 180
9 7 24 1 2 195
9 7 25 1 2 194
9 7 26 1 2 193
9 7 27 1 2 192
9 7 28 1 2 191
9 7 29 1 2 190
9 7 30 1 2 189
9 7 31 1 2 188
9 7 32 1 1 56
9 7 33 1 1 57
9 7 34 1 1 58
9 7 35 1 1 59
9 7 36 1 1 60
9 7 37 1 1 61
9 7 38 1 1 62
9 7 39 1 1 63
9 7 40 1 1 48
9 7 41 1 1 49
9 7 42 1 1 50
9 7 43 1 1 51
9 7 44 1 1 52
9 7 45 1 1 53
9 7 46 1 1 54
9 7 47 1 1 55
9 7 48 1 1 40
9 7 49 1 1 41
9 7 50 1 1 42
9 7 51 1 1 43
9 7 52 1 1 44
9 7 53 1 1 45
9 7 54 1 1 46
9 7 55 1 1 47
9 7 56 1 1 32
9 7 57 1 1 33
9 7 58 1 1 34
9 7 59 1 1 35
9 7 60 1 1 36
9 7 61 1 1 37
9 7 62 1 1 38
9 7 63 1 1 39
9 8 0 1 2 139
9 8 1 1 2 138
9 8 2 1 2 137
9 8 3 1 2 136
9 8 4 1 2 135
9 8 5 1 2 134
9 8 6 1 2 133
9 8 7 1 2 132
9 8 8 1 2 147
9 8 9 1 2 146
9 8 10 1 2 145
9 8 11 1 2 144
9 8 12 1 2 143
9 8 13 1 2 142
9 8 14 1 2 141
9 8 15 1 2 140
9 8 16 1 2 155
9 8 17 1 2 154
9 8 18 1 2 153
9 8 19 1 2 152
9 8 20 1 2 151
9 8 21 1 2 150
9 8 22 1 2 149
9 8 23 1 2 148
9 8 24 1 2 163
9 8 25 1 2 162
9 8 26 1 2 161
9 8 27 1 2 160
9 8 28 1 2 159
9 8 29 1 2 158
9 8 30 1 2 157
9 8 31 1 2 156
9 8 32 1 2 107
9 8 33 1 2 106
9 8 34 1 2 105
9 8 35 1 2 104
9 8 36 1 2 103
9 8 37 1 2 102
9 8 38 1 2 101
9 8 39 1 2 100
9 8 40 1 2 115
9 8 41 1 2 114
9 8 42 1 2 113
9 8 43 1 2 112
9 8 44 1 2 111
9 8 45 1 2 110
9 8 46 1 2 109
9 8 47 1 2 108
9 8 48 1 2 123
9 8 49 1 2 122
9 8 50 1 2 121
9 8 51 1 2 120
9 8 52 1 2 119
9 8 53 1 2 118
9 8 54 1 2 117
9 8 55 1 2 116
9 8 56 1 2 131
9 8 57 1 2 130
9 8 58 1 2 129
9 8 59 1 2 128
9 8 60 1 2 127
9 8 61 1 2 126
9 8 62 1 2 125
9 8 63 1 2 124
9 9 0 1 2 75
9 9 1 1 2 74
9 9 2 1 2 73
9 9 3 1 2 72
9 9 4 1 2 71
9 9 5 1 2 70
9 9 6 1 2 69
9 9 7 1 2 68
9 9 8 1 2 83
9 9 9 1 2 82
9 9 10 1 2 81
9 9 11 1 2 80
9 9 12 1 2 79
9 9 13 1 2 78
9 9 14 1 2 77
9 9 15 1 2 76
9 9 16 1 2 91
9 9 17 1 2 90
9 9 18 1 2 89
9 9 19 1 2 88
9 9 20 1 2 87
9 9 21 1 2 86
9 9 22 1 2 85
9 9 23 1 2 84
9 9 24 1 2 99
9 9 25 1 2 98
9 9 26 1 2 97
9 9 27 1 2 96
9 9 28 1 2 95
9 9 29 1 2 94
9 9 30 1 2 93
9 9 31 1 2 92
9 9 32 1 1 88
9 9 33 1 1 89
9 9 34 1 1 90
9 9 35 1 1 91
9 9 36 1 1 92
9 9 37 1 1 93
9 9 38 1 1 94
9 9 39 1 1 95
9 9 40 1 1 80
9 9 41 1 1 81
9 9 42 1 1 82
9 9 43 1 1 83
9 9 44 1 1 84
9 9 45 1 1 85
9 9 46 1 1 86
9 9 47 1 1 87
9 9 48 1 1 72
9 9 49 1 1 73
9 9 50 1 1 74
9 9 51 1 1 75
9 9 52 1 1 76
9 9 53 1 1 77
9 9 54 1 1 78
9 9 55 1 1 79
9 9 56 1 1 64
9 9 57 1 1 65
9 9 58 1 1 66
9 9 59 1 1 67
9 9 60 1 1 68
9 9 61 1 1 69
9 9 62 1 1 70
9 9 63 1 1 71
