0 0 0 0
0 0 1 1
0 0 2 0
0 0 3 1
0 0 4 0
0 0 5 1
0 0 6 0
0 0 7 1
0 0 8 0
0 0 9 1
0 0 10 0
0 0 11 1
0 0 12 0
0 0 13 1
0 0 14 0
0 0 15 1
0 0 16 0
0 0 17 1
0 0 18 0
0 0 19 1
0 0 20 0
0 0 21 1
0 0 22 0
0 0 23 1
0 0 24 0
0 0 25 1
0 0 26 0
0 0 27 1
0 0 28 0
0 0 29 1
0 0 30 0
0 0 31 1
0 0 32 0
0 0 33 1
0 0 34 0
0 0 35 1
0 0 36 0
0 0 37 1
0 0 38 0
0 0 39 1
0 0 40 0
0 0 41 1
0 0 42 0
0 0 43 1
0 0 44 0
0 0 45 1
0 0 46 0
0 0 47 1
0 0 48 0
0 0 49 1
0 0 50 0
0 0 51 1
0 0 52 0
0 0 53 1
0 0 54 0
0 0 55 1
0 0 56 0
0 0 57 1
0 0 58 0
0 0 59 1
0 0 60 0
0 0 61 1
0 0 62 0
0 0 63 1
0 1 0 0
0 1 1 1
0 1 2 0
0 1 3 1
0 1 4 0
0 1 5 1
0 1 6 0
0 1 7 1
0 1 8 0
0 1 9 1
0 1 10 0
0 1 11 1
0 1 12 0
0 1 13 1
0 1 14 0
0 1 15 1
0 1 16 0
0 1 17 1
0 1 18 0
0 1 19 1
0 1 20 0
0 1 21 1
0 1 22 0
0 1 23 1
0 1 24 0
0 1 25 1
0 1 26 0
0 1 27 1
0 1 28 0
0 1 29 1
0 1 30 0
0 1 31 1
0 1 32 0
0 1 33 1
0 1 34 0
0 1 35 1
0 1 36 2
0 1 37 2
0 1 38 2
0 1 39 2
0 1 40 0
0 1 41 1
0 1 42 0
0 1 43 1
0 1 44 0
0 1 45 1
0 1 46 0
0 1 47 1
0 1 48 0
0 1 49 1
0 1 50 0
0 1 51 1
0 1 52 0
0 1 53 1
0 1 54 0
0 1 55 1
0 1 56 0
0 1 57 1
0 1 58 0
0 1 59 1
0 1 60 0
0 1 61 1
0 1 62 0
0 1 63 1
0 2 0 2
0 2 1 2
0 2 2 2
0 2 3 2
0 2 4 2
0 2 5 2
0 2 6 2
0 2 7 2
0 2 8 2
0 2 9 2
0 2 10 2
0 2 11 2
0 2 12 2
0 2 13 2
0 2 14 2
0 2 15 2
0 2 16 2
0 2 17 2
0 2 18 2
0 2 19 2
0 2 20 2
0 2 21 2
0 2 22 2
0 2 23 2
0 2 24 2
0 2 25 2
0 2 26 2
0 2 27 2
0 2 28 2
0 2 29 2
0 2 30 2
0 2 31 2
0 2 32 0
0 2 33 0
0 2 34 0
0 2 35 0
0 2 36 0
0 2 37 0
0 2 38 0
0 2 39 0
0 2 40 0
0 2 41 0
0 2 42 0
0 2 43 0
0 2 44 0
0 2 45 0
0 2 46 0
0 2 47 0
0 2 48 0
0 2 49 0
0 2 50 0
0 2 51 0
0 2 52 0
0 2 53 0
0 2 54 0
0 2 55 0
0 2 56 0
0 2 57 0
0 2 58 0
0 2 59 0
0 2 60 0
0 2 61 0
0 2 62 0
0 2 63 0
0 3 0 2
0 3 1 2
0 3 2 2
0 3 3 2
0 3 4 2
0 3 5 2
0 3 6 2
0 3 7 2
0 3 8 2
0 3 9 2
0 3 10 2
0 3 11 2
0 3 12 2
0 3 13 2
0 3 14 2
0 3 15 2
0 3 16 2
0 3 17 2
0 3 18 2
0 3 19 2
0 3 20 2
0 3 21 2
0 3 22 2
0 3 23 2
0 3 24 2
0 3 25 2
0 3 26 2
0 3 27 2
0 3 28 2
0 3 29 2
0 3 30 2
0 3 31 2
0 3 32 2
0 3 33 2
0 3 34 2
0 3 35 2
0 3 36 2
0 3 37 2
0 3 38 2
0 3 39 2
0 3 40 2
0 3 41 2
0 3 42 2
0 3 43 2
0 3 44 2
0 3 45 2
0 3 46 2
0 3 47 2
0 3 48 2
0 3 49 2
0 3 50 2
0 3 51 2
0 3 52 2
0 3 53 2
0 3 54 2
0 3 55 2
0 3 56 2
0 3 57 2
0 3 58 2
0 3 59 2
0 3 60 2
0 3 61 2
0 3 62 2
0 3 63 2
0 4 0 2
0 4 1 2
0 4 2 2
0 4 3 2
0 4 4 2
0 4 5 2
0 4 6 2
0 4 7 2
0 4 8 2
0 4 9 2
0 4 10 2
0 4 11 2
0 4 12 2
0 4 13 2
0 4 14 2
0 4 15 2
0 4 16 2
0 4 17 2
0 4 18 2
0 4 19 2
0 4 20 2
0 4 21 2
0 4 22 2
0 4 23 2
0 4 24 2
0 4 25 2
0 4 26 2
0 4 27 2
0 4 28 2
0 4 29 2
0 4 30 2
0 4 31 2
0 4 32 0
0 4 33 0
0 4 34 0
0 4 35 0
0 4 36 0
0 4 37 0
0 4 38 0
0 4 39 0
0 4 40 0
0 4 41 0
0 4 42 0
0 4 43 0
0 4 44 0
0 4 45 0
0 4 46 0
0 4 47 0
0 4 48 0
0 4 49 0
0 4 50 0
0 4 51 0
0 4 52 0
0 4 53 0
0 4 54 0
0 4 55 0
0 4 56 0
0 4 57 0
0 4 58 0
0 4 59 0
0 4 60 0
0 4 61 0
0 4 62 0
0 4 63 0
0 5 0 2
0 5 1 2
0 5 2 2
0 5 3 2
0 5 4 2
0 5 5 2
0 5 6 2
0 5 7 2
0 5 8 2
0 5 9 2
0 5 10 2
0 5 11 2
0 5 12 2
0 5 13 2
0 5 14 2
0 5 15 2
0 5 16 2
0 5 17 2
0 5 18 2
0 5 19 2
0 5 20 2
0 5 21 2
0 5 22 2
0 5 23 2
0 5 24 2
0 5 25 2
0 5 26 2
0 5 27 2
0 5 28 2
0 5 29 2
0 5 30 2
0 5 31 2
0 5 32 2
0 5 33 2
0 5 34 2
0 5 35 2
0 5 36 2
0 5 37 2
0 5 38 2
0 5 39 2
0 5 40 2
0 5 41 2
0 5 42 2
0 5 43 2
0 5 44 2
0 5 45 2
0 5 46 2
0 5 47 2
0 5 48 2
0 5 49 2
0 5 50 2
0 5 51 2
0 5 52 2
0 5 53 2
0 5 54 2
0 5 55 2
0 5 56 2
0 5 57 2
0 5 58 2
0 5 59 2
0 5 60 2
0 5 61 2
0 5 62 2
0 5 63 2
0 6 0 2
0 6 1 2
0 6 2 2
0 6 3 2
0 6 4 2
0 6 5 2
0 6 6 2
0 6 7 2
0 6 8 2
0 6 9 2
0 6 10 2
0 6 11 2
0 6 12 2
0 6 13 2
0 6 14 2
0 6 15 2
0 6 16 2
0 6 17 2
0 6 18 2
0 6 19 2
0 6 20 2
0 6 21 2
0 6 22 2
0 6 23 2
0 6 24 2
0 6 25 2
0 6 26 2
0 6 27 2
0 6 28 2
0 6 29 2
0 6 30 2
0 6 31 2
0 6 32 1
0 6 33 1
0 6 34 1
0 6 35 1
0 6 36 1
0 6 37 1
0 6 38 1
0 6 39 1
0 6 40 1
0 6 41 1
0 6 42 1
0 6 43 1
0 6 44 1
0 6 45 1
0 6 46 1
0 6 47 1
0 6 48 1
0 6 49 1
0 6 50 1
0 6 51 1
0 6 52 1
0 6 53 1
0 6 54 1
0 6 55 1
0 6 56 1
0 6 57 1
0 6 58 1
0 6 59 1
0 6 60 1
0 6 61 1
0 6 62 1
0 6 63 1
0 7 0 2
0 7 1 2
0 7 2 2
0 7 3 2
0 7 4 2
0 7 5 2
0 7 6 2
0 7 7 2
0 7 8 2
0 7 9 2
0 7 10 2
0 7 11 2
0 7 12 2
0 7 13 2
0 7 14 2
0 7 15 2
0 7 16 2
0 7 17 2
0 7 18 2
0 7 19 2
0 7 20 2
0 7 21 2
0 7 22 2
0 7 23 2
0 7 24 2
0 7 25 2
0 7 26 2
0 7 27 2
0 7 28 2
0 7 29 2
0 7 30 2
0 7 31 2
0 7 32 2
0 7 33 2
0 7 34 2
0 7 35 2
0 7 36 2
0 7 37 2
0 7 38 2
0 7 39 2
0 7 40 2
0 7 41 2
0 7 42 2
0 7 43 2
0 7 44 2
0 7 45 2
0 7 46 2
0 7 47 2
0 7 48 2
0 7 49 2
0 7 50 2
0 7 51 2
0 7 52 2
0 7 53 2
0 7 54 2
0 7 55 2
0 7 56 2
0 7 57 2
0 7 58 2
0 7 59 2
0 7 60 2
0 7 61 2
0 7 62 2
0 7 63 2
0 8 0 0
0 8 1 1
0 8 2 0
0 8 3 1
0 8 4 0
0 8 5 1
0 8 6 0
0 8 7 1
0 8 8 0
0 8 9 1
0 8 10 0
0 8 11 1
0 8 12 0
0 8 13 1
0 8 14 0
0 8 15 1
0 8 16 0
0 8 17 1
0 8 18 0
0 8 19 1
0 8 20 0
0 8 21 1
0 8 22 0
0 8 23 1
0 8 24 2
0 8 25 2
0 8 26 2
0 8 27 2
0 8 28 0
0 8 29 1
0 8 30 0
0 8 31 1
0 8 32 0
0 8 33 1
0 8 34 0
0 8 35 1
0 8 36 0
0 8 37 1
0 8 38 0
0 8 39 1
0 8 40 0
0 8 41 1
0 8 42 0
0 8 43 1
0 8 44 0
0 8 45 1
0 8 46 0
0 8 47 1
0 8 48 0
0 8 49 1
0 8 50 0
0 8 51 1
0 8 52 0
0 8 53 1
0 8 54 0
0 8 55 1
0 8 56 0
0 8 57 1
0 8 58 0
0 8 59 1
0 8 60 0
0 8 61 1
0 8 62 0
0 8 63 1
0 9 0 0
0 9 1 1
0 9 2 0
0 9 3 1
0 9 4 0
0 9 5 1
0 9 6 0
0 9 7 1
0 9 8 0
0 9 9 1
0 9 10 0
0 9 11 1
0 9 12 0
0 9 13 1
0 9 14 0
0 9 15 1
0 9 16 0
0 9 17 1
0 9 18 0
0 9 19 1
0 9 20 0
0 9 21 1
0 9 22 0
0 9 23 1
0 9 24 0
0 9 25 1
0 9 26 0
0 9 27 1
0 9 28 0
0 9 29 1
0 9 30 0
0 9 31 1
0 9 32 0
0 9 33 1
0 9 34 0
0 9 35 1
0 9 36 0
0 9 37 1
0 9 38 0
0 9 39 1
0 9 40 0
0 9 41 1
0 9 42 0
0 9 43 1
0 9 44 0
0 9 45 1
0 9 46 0
0 9 47 1
0 9 48 0
0 9 49 1
0 9 50 0
0 9 51 1
0 9 52 0
0 9 53 1
0 9 54 0
0 9 55 1
0 9 56 0
0 9 57 1
0 9 58 0
0 9 59 1
0 9 60 0
0 9 61 1
0 9 62 0
0 9 63 1
1 0 0 2
1 0 1 2
1 0 2 2
1 0 3 2
1 0 4 2
1 0 5 2
1 0 6 2
1 0 7 2
1 0 8 2
1 0 9 2
1 0 10 2
1 0 11 2
1 0 12 2
1 0 13 2
1 0 14 2
1 0 15 2
1 0 16 2
1 0 17 2
1 0 18 2
1 0 19 2
1 0 20 2
1 0 21 2
1 0 22 2
1 0 23 2
1 0 24 2
1 0 25 2
1 0 26 2
1 0 27 2
1 0 28 2
1 0 29 2
1 0 30 2
1 0 31 2
1 0 32 1
1 0 33 1
1 0 34 1
1 0 35 1
1 0 36 1
1 0 37 1
1 0 38 1
1 0 39 1
1 0 40 1
1 0 41 1
1 0 42 1
1 0 43 1
1 0 44 1
1 0 45 1
1 0 46 1
1 0 47 1
1 0 48 1
1 0 49 1
1 0 50 1
1 0 51 1
1 0 52 1
1 0 53 1
1 0 54 1
1 0 55 1
1 0 56 1
1 0 57 1
1 0 58 1
1 0 59 1
1 0 60 1
1 0 61 1
1 0 62 1
1 0 63 1
1 1 0 2
1 1 1 2
1 1 2 2
1 1 3 2
1 1 4 2
1 1 5 2
1 1 6 2
1 1 7 2
1 1 8 2
1 1 9 2
1 1 10 2
1 1 11 2
1 1 12 2
1 1 13 2
1 1 14 2
1 1 15 2
1 1 16 2
1 1 17 2
1 1 18 2
1 1 19 2
1 1 20 2
1 1 21 2
1 1 22 2
1 1 23 2
1 1 24 2
1 1 25 2
1 1 26 2
1 1 27 2
1 1 28 2
1 1 29 2
1 1 30 2
1 1 31 2
1 1 32 2
1 1 33 2
1 1 34 2
1 1 35 2
1 1 36 2
1 1 37 2
1 1 38 2
1 1 39 2
1 1 40 2
1 1 41 2
1 1 42 2
1 1 43 2
1 1 44 2
1 1 45 2
1 1 46 2
1 1 47 2
1 1 48 2
1 1 49 2
1 1 50 2
1 1 51 2
1 1 52 2
1 1 53 2
1 1 54 2
1 1 55 2
1 1 56 2
1 1 57 2
1 1 58 2
1 1 59 2
1 1 60 2
1 1 61 2
1 1 62 2
1 1 63 2
1 2 0 2
1 2 1 2
1 2 2 2
1 2 3 2
1 2 4 2
1 2 5 2
1 2 6 2
1 2 7 2
1 2 8 2
1 2 9 2
1 2 10 2
1 2 11 2
1 2 12 2
1 2 13 2
1 2 14 2
1 2 15 2
1 2 16 2
1 2 17 2
1 2 18 2
1 2 19 2
1 2 20 2
1 2 21 2
1 2 22 2
1 2 23 2
1 2 24 2
1 2 25 2
1 2 26 2
1 2 27 2
1 2 28 2
1 2 29 2
1 2 30 2
1 2 31 2
1 2 32 1
1 2 33 1
1 2 34 1
1 2 35 1
1 2 36 1
1 2 37 1
1 2 38 1
1 2 39 1
1 2 40 1
1 2 41 1
1 2 42 1
1 2 43 1
1 2 44 1
1 2 45 1
1 2 46 1
1 2 47 1
1 2 48 1
1 2 49 1
1 2 50 1
1 2 51 1
1 2 52 1
1 2 53 1
1 2 54 1
1 2 55 1
1 2 56 1
1 2 57 1
1 2 58 1
1 2 59 1
1 2 60 1
1 2 61 1
1 2 62 1
1 2 63 1
1 3 0 1
1 3 1 0
1 3 2 1
1 3 3 0
1 3 4 1
1 3 5 0
1 3 6 1
1 3 7 0
1 3 8 1
1 3 9 0
1 3 10 1
1 3 11 0
1 3 12 1
1 3 13 0
1 3 14 1
1 3 15 0
1 3 16 1
1 3 17 0
1 3 18 1
1 3 19 0
1 3 20 1
1 3 21 0
1 3 22 1
1 3 23 0
1 3 24 1
1 3 25 0
1 3 26 1
1 3 27 0
1 3 28 1
1 3 29 0
1 3 30 1
1 3 31 0
1 3 32 1
1 3 33 0
1 3 34 1
1 3 35 0
1 3 36 1
1 3 37 0
1 3 38 1
1 3 39 0
1 3 40 1
1 3 41 0
1 3 42 1
1 3 43 0
1 3 44 1
1 3 45 0
1 3 46 1
1 3 47 0
1 3 48 1
1 3 49 0
1 3 50 1
1 3 51 0
1 3 52 1
1 3 53 0
1 3 54 1
1 3 55 0
1 3 56 1
1 3 57 0
1 3 58 1
1 3 59 0
1 3 60 1
1 3 61 0
1 3 62 1
1 3 63 0
1 4 0 1
1 4 1 0
1 4 2 1
1 4 3 0
1 4 4 1
1 4 5 0
1 4 6 1
1 4 7 0
1 4 8 1
1 4 9 0
1 4 10 1
1 4 11 0
1 4 12 1
1 4 13 0
1 4 14 1
1 4 15 0
1 4 16 1
1 4 17 0
1 4 18 1
1 4 19 0
1 4 20 1
1 4 21 0
1 4 22 1
1 4 23 0
1 4 24 1
1 4 25 0
1 4 26 1
1 4 27 0
1 4 28 1
1 4 29 0
1 4 30 1
1 4 31 0
1 4 32 1
1 4 33 0
1 4 34 1
1 4 35 0
1 4 36 1
1 4 37 0
1 4 38 1
1 4 39 0
1 4 40 1
1 4 41 0
1 4 42 1
1 4 43 0
1 4 44 1
1 4 45 0
1 4 46 1
1 4 47 0
1 4 48 1
1 4 49 0
1 4 50 1
1 4 51 0
1 4 52 1
1 4 53 0
1 4 54 1
1 4 55 0
1 4 56 1
1 4 57 0
1 4 58 1
1 4 59 0
1 4 60 1
1 4 61 0
1 4 62 1
1 4 63 0
1 5 0 1
1 5 1 0
1 5 2 1
1 5 3 0
1 5 4 1
1 5 5 0
1 5 6 1
1 5 7 0
1 5 8 1
1 5 9 0
1 5 10 1
1 5 11 0
1 5 12 1
1 5 13 0
1 5 14 1
1 5 15 0
1 5 16 1
1 5 17 0
1 5 18 1
1 5 19 0
1 5 20 1
1 5 21 0
1 5 22 1
1 5 23 0
1 5 24 1
1 5 25 0
1 5 26 1
1 5 27 0
1 5 28 1
1 5 29 0
1 5 30 1
1 5 31 0
1 5 32 1
1 5 33 0
1 5 34 1
1 5 35 0
1 5 36 1
1 5 37 0
1 5 38 1
1 5 39 0
1 5 40 1
1 5 41 0
1 5 42 1
1 5 43 0
1 5 44 1
1 5 45 0
1 5 46 1
1 5 47 0
1 5 48 1
1 5 49 0
1 5 50 1
1 5 51 0
1 5 52 1
1 5 53 0
1 5 54 1
1 5 55 0
1 5 56 1
1 5 57 0
1 5 58 1
1 5 59 0
1 5 60 1
1 5 61 0
1 5 62 1
1 5 63 0
1 6 0 1
1 6 1 0
1 6 2 1
1 6 3 0
1 6 4 1
1 6 5 0
1 6 6 1
1 6 7 0
1 6 8 1
1 6 9 0
1 6 10 1
1 6 11 0
1 6 12 1
1 6 13 0
1 6 14 1
1 6 15 0
1 6 16 1
1 6 17 0
1 6 18 1
1 6 19 0
1 6 20 1
1 6 21 0
1 6 22 1
1 6 23 0
1 6 24 1
1 6 25 0
1 6 26 1
1 6 27 0
1 6 28 1
1 6 29 0
1 6 30 1
1 6 31 0
1 6 32 1
1 6 33 0
1 6 34 1
1 6 35 0
1 6 36 1
1 6 37 0
1 6 38 1
1 6 39 0
1 6 40 1
1 6 41 0
1 6 42 1
1 6 43 0
1 6 44 1
1 6 45 0
1 6 46 1
1 6 47 0
1 6 48 1
1 6 49 0
1 6 50 1
1 6 51 0
1 6 52 1
1 6 53 0
1 6 54 1
1 6 55 0
1 6 56 1
1 6 57 0
1 6 58 1
1 6 59 0
1 6 60 1
1 6 61 0
1 6 62 1
1 6 63 0
1 7 0 2
1 7 1 2
1 7 2 2
1 7 3 2
1 7 4 2
1 7 5 2
1 7 6 2
1 7 7 2
1 7 8 2
1 7 9 2
1 7 10 2
1 7 11 2
1 7 12 2
1 7 13 2
1 7 14 2
1 7 15 2
1 7 16 2
1 7 17 2
1 7 18 2
1 7 19 2
1 7 20 2
1 7 21 2
1 7 22 2
1 7 23 2
1 7 24 2
1 7 25 2
1 7 26 2
1 7 27 2
1 7 28 2
1 7 29 2
1 7 30 2
1 7 31 2
1 7 32 2
1 7 33 2
1 7 34 2
1 7 35 2
1 7 36 2
1 7 37 2
1 7 38 2
1 7 39 2
1 7 40 2
1 7 41 2
1 7 42 2
1 7 43 2
1 7 44 2
1 7 45 2
1 7 46 2
1 7 47 2
1 7 48 2
1 7 49 2
1 7 50 2
1 7 51 2
1 7 52 2
1 7 53 2
1 7 54 2
1 7 55 2
1 7 56 2
1 7 57 2
1 7 58 2
1 7 59 2
1 7 60 2
1 7 61 2
1 7 62 2
1 7 63 2
1 8 0 2
1 8 1 2
1 8 2 2
1 8 3 2
1 8 4 2
1 8 5 2
1 8 6 2
1 8 7 2
1 8 8 2
1 8 9 2
1 8 10 2
1 8 11 2
1 8 12 2
1 8 13 2
1 8 14 2
1 8 15 2
1 8 16 2
1 8 17 2
1 8 18 2
1 8 19 2
1 8 20 2
1 8 21 2
1 8 22 2
1 8 23 2
1 8 24 2
1 8 25 2
1 8 26 2
1 8 27 2
1 8 28 2
1 8 29 2
1 8 30 2
1 8 31 2
1 8 32 0
1 8 33 0
1 8 34 0
1 8 35 0
1 8 36 0
1 8 37 0
1 8 38 0
1 8 39 0
1 8 40 0
1 8 41 0
1 8 42 0
1 8 43 0
1 8 44 0
1 8 45 0
1 8 46 0
1 8 47 0
1 8 48 0
1 8 49 0
1 8 50 0
1 8 51 0
1 8 52 0
1 8 53 0
1 8 54 0
1 8 55 0
1 8 56 0
1 8 57 0
1 8 58 0
1 8 59 0
1 8 60 0
1 8 61 0
1 8 62 0
1 8 63 0
1 9 0 2
1 9 1 2
1 9 2 2
1 9 3 2
1 9 4 2
1 9 5 2
1 9 6 2
1 9 7 2
1 9 8 2
1 9 9 2
1 9 10 2
1 9 11 2
1 9 12 2
1 9 13 2
1 9 14 2
1 9 15 2
1 9 16 2
1 9 17 2
1 9 18 2
1 9 19 2
1 9 20 2
1 9 21 2
1 9 22 2
1 9 23 2
1 9 24 2
1 9 25 2
1 9 26 2
1 9 27 2
1 9 28 2
1 9 29 2
1 9 30 2
1 9 31 2
1 9 32 2
1 9 33 2
1 9 34 2
1 9 35 2
1 9 36 2
1 9 37 2
1 9 38 2
1 9 39 2
1 9 40 2
1 9 41 2
1 9 42 2
1 9 43 2
1 9 44 2
1 9 45 2
1 9 46 2
1 9 47 2
1 9 48 2
1 9 49 2
1 9 50 2
1 9 51 2
1 9 52 2
1 9 53 2
1 9 54 2
1 9 55 2
1 9 56 2
1 9 57 2
1 9 58 2
1 9 59 2
1 9 60 2
1 9 61 2
1 9 62 2
1 9 63 2
2 0 0 1
2 0 1 0
2 0 2 1
2 0 3 0
2 0 4 1
2 0 5 0
2 0 6 1
2 0 7 0
2 0 8 1
2 0 9 0
2 0 10 1
2 0 11 0
2 0 12 1
2 0 13 0
2 0 14 1
2 0 15 0
2 0 16 1
2 0 17 0
2 0 18 1
2 0 19 0
2 0 20 1
2 0 21 0
2 0 22 1
2 0 23 0
2 0 24 1
2 0 25 0
2 0 26 1
2 0 27 0
2 0 28 1
2 0 29 0
2 0 30 1
2 0 31 0
2 0 32 1
2 0 33 0
2 0 34 1
2 0 35 0
2 0 36 1
2 0 37 0
2 0 38 1
2 0 39 0
2 0 40 1
2 0 41 0
2 0 42 1
2 0 43 0
2 0 44 1
2 0 45 0
2 0 46 1
2 0 47 0
2 0 48 1
2 0 49 0
2 0 50 1
2 0 51 0
2 0 52 1
2 0 53 0
2 0 54 1
2 0 55 0
2 0 56 1
2 0 57 0
2 0 58 1
2 0 59 0
2 0 60 1
2 0 61 0
2 0 62 1
2 0 63 0
2 1 0 1
2 1 1 0
2 1 2 1
2 1 3 0
2 1 4 1
2 1 5 0
2 1 6 1
2 1 7 0
2 1 8 1
2 1 9 0
2 1 10 1
2 1 11 0
2 1 12 1
2 1 13 0
2 1 14 1
2 1 15 0
2 1 16 1
2 1 17 0
2 1 18 1
2 1 19 0
2 1 20 1
2 1 21 0
2 1 22 1
2 1 23 0
2 1 24 1
2 1 25 0
2 1 26 1
2 1 27 0
2 1 28 1
2 1 29 0
2 1 30 1
2 1 31 0
2 1 32 1
2 1 33 0
2 1 34 1
2 1 35 0
2 1 36 1
2 1 37 0
2 1 38 1
2 1 39 0
2 1 40 1
2 1 41 0
2 1 42 1
2 1 43 0
2 1 44 1
2 1 45 0
2 1 46 1
2 1 47 0
2 1 48 1
2 1 49 0
2 1 50 1
2 1 51 0
2 1 52 1
2 1 53 0
2 1 54 1
2 1 55 0
2 1 56 1
2 1 57 0
2 1 58 1
2 1 59 0
2 1 60 1
2 1 61 0
2 1 62 1
2 1 63 0
2 2 0 1
2 2 1 0
2 2 2 1
2 2 3 0
2 2 4 1
2 2 5 0
2 2 6 1
2 2 7 0
2 2 8 1
2 2 9 0
2 2 10 1
2 2 11 0
2 2 12 1
2 2 13 0
2 2 14 1
2 2 15 0
2 2 16 1
2 2 17 0
2 2 18 1
2 2 19 0
2 2 20 1
2 2 21 0
2 2 22 1
2 2 23 0
2 2 24 1
2 2 25 0
2 2 26 1
2 2 27 0
2 2 28 1
2 2 29 0
2 2 30 1
2 2 31 0
2 2 32 1
2 2 33 0
2 2 34 1
2 2 35 0
2 2 36 1
2 2 37 0
2 2 38 1
2 2 39 0
2 2 40 1
2 2 41 0
2 2 42 1
2 2 43 0
2 2 44 1
2 2 45 0
2 2 46 1
2 2 47 0
2 2 48 1
2 2 49 0
2 2 50 1
2 2 51 0
2 2 52 1
2 2 53 0
2 2 54 1
2 2 55 0
2 2 56 1
2 2 57 0
2 2 58 1
2 2 59 0
2 2 60 1
2 2 61 0
2 2 62 1
2 2 63 0
2 3 0 1
2 3 1 0
2 3 2 1
2 3 3 0
2 3 4 1
2 3 5 0
2 3 6 1
2 3 7 0
2 3 8 1
2 3 9 0
2 3 10 1
2 3 11 0
2 3 12 1
2 3 13 0
2 3 14 1
2 3 15 0
2 3 16 1
2 3 17 0
2 3 18 1
2 3 19 0
2 3 20 1
2 3 21 0
2 3 22 1
2 3 23 0
2 3 24 1
2 3 25 0
2 3 26 1
2 3 27 0
2 3 28 1
2 3 29 0
2 3 30 1
2 3 31 0
2 3 32 1
2 3 33 0
2 3 34 1
2 3 35 0
2 3 36 1
2 3 37 0
2 3 38 1
2 3 39 0
2 3 40 1
2 3 41 0
2 3 42 1
2 3 43 0
2 3 44 1
2 3 45 0
2 3 46 1
2 3 47 0
2 3 48 1
2 3 49 0
2 3 50 1
2 3 51 0
2 3 52 1
2 3 53 0
2 3 54 1
2 3 55 0
2 3 56 1
2 3 57 0
2 3 58 1
2 3 59 0
2 3 60 1
2 3 61 0
2 3 62 1
2 3 63 0
2 4 0 1
2 4 1 0
2 4 2 1
2 4 3 0
2 4 4 1
2 4 5 0
2 4 6 1
2 4 7 0
2 4 8 1
2 4 9 0
2 4 10 1
2 4 11 0
2 4 12 1
2 4 13 0
2 4 14 1
2 4 15 0
2 4 16 1
2 4 17 0
2 4 18 1
2 4 19 0
2 4 20 1
2 4 21 0
2 4 22 1
2 4 23 0
2 4 24 1
2 4 25 0
2 4 26 1
2 4 27 0
2 4 28 1
2 4 29 0
2 4 30 1
2 4 31 0
2 4 32 1
2 4 33 0
2 4 34 1
2 4 35 0
2 4 36 1
2 4 37 0
2 4 38 1
2 4 39 0
2 4 40 1
2 4 41 0
2 4 42 1
2 4 43 0
2 4 44 1
2 4 45 0
2 4 46 1
2 4 47 0
2 4 48 1
2 4 49 0
2 4 50 1
2 4 51 0
2 4 52 1
2 4 53 0
2 4 54 1
2 4 55 0
2 4 56 1
2 4 57 0
2 4 58 1
2 4 59 0
2 4 60 1
2 4 61 0
2 4 62 1
2 4 63 0
2 5 0 1
2 5 1 0
2 5 2 1
2 5 3 0
2 5 4 1
2 5 5 0
2 5 6 1
2 5 7 0
2 5 8 1
2 5 9 0
2 5 10 1
2 5 11 0
2 5 12 1
2 5 13 0
2 5 14 1
2 5 15 0
2 5 16 1
2 5 17 0
2 5 18 1
2 5 19 0
2 5 20 1
2 5 21 0
2 5 22 1
2 5 23 0
2 5 24 1
2 5 25 0
2 5 26 1
2 5 27 0
2 5 28 1
2 5 29 0
2 5 30 1
2 5 31 0
2 5 32 1
2 5 33 0
2 5 34 1
2 5 35 0
2 5 36 1
2 5 37 0
2 5 38 1
2 5 39 0
2 5 40 1
2 5 41 0
2 5 42 1
2 5 43 0
2 5 44 1
2 5 45 0
2 5 46 1
2 5 47 0
2 5 48 1
2 5 49 0
2 5 50 1
2 5 51 0
2 5 52 1
2 5 53 0
2 5 54 1
2 5 55 0
2 5 56 1
2 5 57 0
2 5 58 1
2 5 59 0
2 5 60 1
2 5 61 0
2 5 62 1
2 5 63 0
2 6 0 1
2 6 1 0
2 6 2 1
2 6 3 0
2 6 4 1
2 6 5 0
2 6 6 1
2 6 7 0
2 6 8 1
2 6 9 0
2 6 10 1
2 6 11 0
2 6 12 1
2 6 13 0
2 6 14 1
2 6 15 0
2 6 16 1
2 6 17 0
2 6 18 1
2 6 19 0
2 6 20 1
2 6 21 0
2 6 22 1
2 6 23 0
2 6 24 1
2 6 25 0
2 6 26 1
2 6 27 0
2 6 28 1
2 6 29 0
2 6 30 1
2 6 31 0
2 6 32 1
2 6 33 0
2 6 34 1
2 6 35 0
2 6 36 1
2 6 37 0
2 6 38 1
2 6 39 0
2 6 40 1
2 6 41 0
2 6 42 1
2 6 43 0
2 6 44 1
2 6 45 0
2 6 46 1
2 6 47 0
2 6 48 1
2 6 49 0
2 6 50 1
2 6 51 0
2 6 52 1
2 6 53 0
2 6 54 1
2 6 55 0
2 6 56 1
2 6 57 0
2 6 58 1
2 6 59 0
2 6 60 1
2 6 61 0
2 6 62 1
2 6 63 0
2 7 0 1
2 7 1 0
2 7 2 1
2 7 3 0
2 7 4 1
2 7 5 0
2 7 6 1
2 7 7 0
2 7 8 1
2 7 9 0
2 7 10 1
2 7 11 0
2 7 12 1
2 7 13 0
2 7 14 1
2 7 15 0
2 7 16 1
2 7 17 0
2 7 18 1
2 7 19 0
2 7 20 1
2 7 21 0
2 7 22 1
2 7 23 0
2 7 24 1
2 7 25 0
2 7 26 1
2 7 27 0
2 7 28 1
2 7 29 0
2 7 30 1
2 7 31 0
2 7 32 1
2 7 33 0
2 7 34 1
2 7 35 0
2 7 36 1
2 7 37 0
2 7 38 1
2 7 39 0
2 7 40 1
2 7 41 0
2 7 42 1
2 7 43 0
2 7 44 1
2 7 45 0
2 7 46 1
2 7 47 0
2 7 48 1
2 7 49 0
2 7 50 1
2 7 51 0
2 7 52 1
2 7 53 0
2 7 54 1
2 7 55 0
2 7 56 1
2 7 57 0
2 7 58 1
2 7 59 0
2 7 60 1
2 7 61 0
2 7 62 1
2 7 63 0
2 8 0 1
2 8 1 0
2 8 2 1
2 8 3 0
2 8 4 1
2 8 5 0
2 8 6 1
2 8 7 0
2 8 8 1
2 8 9 0
2 8 10 1
2 8 11 0
2 8 12 1
2 8 13 0
2 8 14 1
2 8 15 0
2 8 16 1
2 8 17 0
2 8 18 1
2 8 19 0
2 8 20 1
2 8 21 0
2 8 22 1
2 8 23 0
2 8 24 1
2 8 25 0
2 8 26 1
2 8 27 0
2 8 28 1
2 8 29 0
2 8 30 1
2 8 31 0
2 8 32 1
2 8 33 0
2 8 34 1
2 8 35 0
2 8 36 1
2 8 37 0
2 8 38 1
2 8 39 0
2 8 40 1
2 8 41 0
2 8 42 1
2 8 43 0
2 8 44 1
2 8 45 0
2 8 46 1
2 8 47 0
2 8 48 1
2 8 49 0
2 8 50 1
2 8 51 0
2 8 52 1
2 8 53 0
2 8 54 1
2 8 55 0
2 8 56 1
2 8 57 0
2 8 58 1
2 8 59 0
2 8 60 1
2 8 61 0
2 8 62 1
2 8 63 0
2 9 0 1
2 9 1 0
2 9 2 1
2 9 3 0
2 9 4 1
2 9 5 0
2 9 6 1
2 9 7 0
2 9 8 1
2 9 9 0
2 9 10 1
2 9 11 0
2 9 12 1
2 9 13 0
2 9 14 1
2 9 15 0
2 9 16 1
2 9 17 0
2 9 18 1
2 9 19 0
2 9 20 1
2 9 21 0
2 9 22 1
2 9 23 0
2 9 24 1
2 9 25 0
2 9 26 1
2 9 27 0
2 9 28 1
2 9 29 0
2 9 30 1
2 9 31 0
2 9 32 1
2 9 33 0
2 9 34 1
2 9 35 0
2 9 36 1
2 9 37 0
2 9 38 1
2 9 39 0
2 9 40 1
2 9 41 0
2 9 42 1
2 9 43 0
2 9 44 1
2 9 45 0
2 9 46 1
2 9 47 0
2 9 48 1
2 9 49 0
2 9 50 1
2 9 51 0
2 9 52 1
2 9 53 0
2 9 54 1
2 9 55 0
2 9 56 1
2 9 57 0
2 9 58 1
2 9 59 0
2 9 60 1
2 9 61 0
2 9 62 1
2 9 63 0
3 0 0 1
3 0 1 0
3 0 2 1
3 0 3 0
3 0 4 1
3 0 5 0
3 0 6 1
3 0 7 0
3 0 8 1
3 0 9 0
3 0 10 1
3 0 11 0
3 0 12 1
3 0 13 0
3 0 14 1
3 0 15 0
3 0 16 1
3 0 17 0
3 0 18 1
3 0 19 0
3 0 20 1
3 0 21 0
3 0 22 1
3 0 23 0
3 0 24 1
3 0 25 0
3 0 26 1
3 0 27 0
3 0 28 1
3 0 29 0
3 0 30 1
3 0 31 0
3 0 32 1
3 0 33 0
3 0 34 1
3 0 35 0
3 0 36 1
3 0 37 0
3 0 38 1
3 0 39 0
3 0 40 1
3 0 41 0
3 0 42 1
3 0 43 0
3 0 44 1
3 0 45 0
3 0 46 1
3 0 47 0
3 0 48 1
3 0 49 0
3 0 50 1
3 0 51 0
3 0 52 1
3 0 53 0
3 0 54 1
3 0 55 0
3 0 56 1
3 0 57 0
3 0 58 1
3 0 59 0
3 0 60 1
3 0 61 0
3 0 62 1
3 0 63 0
3 1 0 1
3 1 1 0
3 1 2 1
3 1 3 0
3 1 4 1
3 1 5 0
3 1 6 1
3 1 7 0
3 1 8 1
3 1 9 0
3 1 10 1
3 1 11 0
3 1 12 1
3 1 13 0
3 1 14 1
3 1 15 0
3 1 16 1
3 1 17 0
3 1 18 1
3 1 19 0
3 1 20 1
3 1 21 0
3 1 22 1
3 1 23 0
3 1 24 1
3 1 25 0
3 1 26 1
3 1 27 0
3 1 28 1
3 1 29 0
3 1 30 1
3 1 31 0
3 1 32 1
3 1 33 0
3 1 34 1
3 1 35 0
3 1 36 1
3 1 37 0
3 1 38 1
3 1 39 0
3 1 40 1
3 1 41 0
3 1 42 1
3 1 43 0
3 1 44 1
3 1 45 0
3 1 46 1
3 1 47 0
3 1 48 1
3 1 49 0
3 1 50 1
3 1 51 0
3 1 52 1
3 1 53 0
3 1 54 1
3 1 55 0
3 1 56 1
3 1 57 0
3 1 58 1
3 1 59 0
3 1 60 1
3 1 61 0
3 1 62 1
3 1 63 0
3 2 0 1
3 2 1 0
3 2 2 1
3 2 3 0
3 2 4 1
3 2 5 0
3 2 6 1
3 2 7 0
3 2 8 1
3 2 9 0
3 2 10 1
3 2 11 0
3 2 12 1
3 2 13 0
3 2 14 1
3 2 15 0
3 2 16 1
3 2 17 0
3 2 18 1
3 2 19 0
3 2 20 1
3 2 21 0
3 2 22 1
3 2 23 0
3 2 24 1
3 2 25 0
3 2 26 1
3 2 27 0
3 2 28 1
3 2 29 0
3 2 30 1
3 2 31 0
3 2 32 1
3 2 33 0
3 2 34 1
3 2 35 0
3 2 36 1
3 2 37 0
3 2 38 1
3 2 39 0
3 2 40 1
3 2 41 0
3 2 42 1
3 2 43 0
3 2 44 1
3 2 45 0
3 2 46 1
3 2 47 0
3 2 48 1
3 2 49 0
3 2 50 1
3 2 51 0
3 2 52 1
3 2 53 0
3 2 54 1
3 2 55 0
3 2 56 1
3 2 57 0
3 2 58 1
3 2 59 0
3 2 60 1
3 2 61 0
3 2 62 1
3 2 63 0
3 3 0 1
3 3 1 0
3 3 2 1
3 3 3 0
3 3 4 1
3 3 5 0
3 3 6 1
3 3 7 0
3 3 8 1
3 3 9 0
3 3 10 1
3 3 11 0
3 3 12 1
3 3 13 0
3 3 14 1
3 3 15 0
3 3 16 1
3 3 17 0
3 3 18 1
3 3 19 0
3 3 20 1
3 3 21 0
3 3 22 1
3 3 23 0
3 3 24 1
3 3 25 0
3 3 26 1
3 3 27 0
3 3 28 1
3 3 29 0
3 3 30 1
3 3 31 0
3 3 32 1
3 3 33 0
3 3 34 1
3 3 35 0
3 3 36 1
3 3 37 0
3 3 38 1
3 3 39 0
3 3 40 1
3 3 41 0
3 3 42 1
3 3 43 0
3 3 44 1
3 3 45 0
3 3 46 1
3 3 47 0
3 3 48 1
3 3 49 0
3 3 50 1
3 3 51 0
3 3 52 1
3 3 53 0
3 3 54 1
3 3 55 0
3 3 56 1
3 3 57 0
3 3 58 1
3 3 59 0
3 3 60 1
3 3 61 0
3 3 62 1
3 3 63 0
3 4 0 1
3 4 1 0
3 4 2 1
3 4 3 0
3 4 4 1
3 4 5 0
3 4 6 1
3 4 7 0
3 4 8 1
3 4 9 0
3 4 10 1
3 4 11 0
3 4 12 1
3 4 13 0
3 4 14 1
3 4 15 0
3 4 16 1
3 4 17 0
3 4 18 1
3 4 19 0
3 4 20 1
3 4 21 0
3 4 22 1
3 4 23 0
3 4 24 1
3 4 25 0
3 4 26 1
3 4 27 0
3 4 28 1
3 4 29 0
3 4 30 1
3 4 31 0
3 4 32 1
3 4 33 0
3 4 34 1
3 4 35 0
3 4 36 1
3 4 37 0
3 4 38 1
3 4 39 0
3 4 40 1
3 4 41 0
3 4 42 1
3 4 43 0
3 4 44 1
3 4 45 0
3 4 46 1
3 4 47 0
3 4 48 1
3 4 49 0
3 4 50 1
3 4 51 0
3 4 52 1
3 4 53 0
3 4 54 1
3 4 55 0
3 4 56 1
3 4 57 0
3 4 58 1
3 4 59 0
3 4 60 1
3 4 61 0
3 4 62 1
3 4 63 0
3 5 0 1
3 5 1 0
3 5 2 1
3 5 3 0
3 5 4 1
3 5 5 0
3 5 6 1
3 5 7 0
3 5 8 1
3 5 9 0
3 5 10 1
3 5 11 0
3 5 12 1
3 5 13 0
3 5 14 1
3 5 15 0
3 5 16 1
3 5 17 0
3 5 18 1
3 5 19 0
3 5 20 1
3 5 21 0
3 5 22 1
3 5 23 0
3 5 24 1
3 5 25 0
3 5 26 1
3 5 27 0
3 5 28 1
3 5 29 0
3 5 30 1
3 5 31 0
3 5 32 1
3 5 33 0
3 5 34 1
3 5 35 0
3 5 36 1
3 5 37 0
3 5 38 1
3 5 39 0
3 5 40 1
3 5 41 0
3 5 42 1
3 5 43 0
3 5 44 1
3 5 45 0
3 5 46 1
3 5 47 0
3 5 48 1
3 5 49 0
3 5 50 1
3 5 51 0
3 5 52 1
3 5 53 0
3 5 54 1
3 5 55 0
3 5 56 1
3 5 57 0
3 5 58 1
3 5 59 0
3 5 60 1
3 5 61 0
3 5 62 1
3 5 63 0
3 6 0 1
3 6 1 0
3 6 2 1
3 6 3 0
3 6 4 1
3 6 5 0
3 6 6 1
3 6 7 0
3 6 8 1
3 6 9 0
3 6 10 1
3 6 11 0
3 6 12 1
3 6 13 0
3 6 14 1
3 6 15 0
3 6 16 1
3 6 17 0
3 6 18 1
3 6 19 0
3 6 20 1
3 6 21 0
3 6 22 1
3 6 23 0
3 6 24 1
3 6 25 0
3 6 26 1
3 6 27 0
3 6 28 1
3 6 29 0
3 6 30 1
3 6 31 0
3 6 32 1
3 6 33 0
3 6 34 1
3 6 35 0
3 6 36 1
3 6 37 0
3 6 38 1
3 6 39 0
3 6 40 1
3 6 41 0
3 6 42 1
3 6 43 0
3 6 44 1
3 6 45 0
3 6 46 1
3 6 47 0
3 6 48 1
3 6 49 0
3 6 50 1
3 6 51 0
3 6 52 1
3 6 53 0
3 6 54 1
3 6 55 0
3 6 56 1
3 6 57 0
3 6 58 1
3 6 59 0
3 6 60 1
3 6 61 0
3 6 62 1
3 6 63 0
3 7 0 1
3 7 1 0
3 7 2 1
3 7 3 0
3 7 4 1
3 7 5 0
3 7 6 1
3 7 7 0
3 7 8 1
3 7 9 0
3 7 10 1
3 7 11 0
3 7 12 1
3 7 13 0
3 7 14 1
3 7 15 0
3 7 16 1
3 7 17 0
3 7 18 1
3 7 19 0
3 7 20 1
3 7 21 0
3 7 22 1
3 7 23 0
3 7 24 1
3 7 25 0
3 7 26 1
3 7 27 0
3 7 28 1
3 7 29 0
3 7 30 1
3 7 31 0
3 7 32 1
3 7 33 0
3 7 34 1
3 7 35 0
3 7 36 1
3 7 37 0
3 7 38 1
3 7 39 0
3 7 40 1
3 7 41 0
3 7 42 1
3 7 43 0
3 7 44 1
3 7 45 0
3 7 46 1
3 7 47 0
3 7 48 1
3 7 49 0
3 7 50 1
3 7 51 0
3 7 52 1
3 7 53 0
3 7 54 1
3 7 55 0
3 7 56 1
3 7 57 0
3 7 58 1
3 7 59 0
3 7 60 1
3 7 61 0
3 7 62 1
3 7 63 0
3 8 0 1
3 8 1 0
3 8 2 1
3 8 3 0
3 8 4 1
3 8 5 0
3 8 6 1
3 8 7 0
3 8 8 1
3 8 9 0
3 8 10 1
3 8 11 0
3 8 12 1
3 8 13 0
3 8 14 1
3 8 15 0
3 8 16 1
3 8 17 0
3 8 18 1
3 8 19 0
3 8 20 1
3 8 21 0
3 8 22 1
3 8 23 0
3 8 24 1
3 8 25 0
3 8 26 1
3 8 27 0
3 8 28 1
3 8 29 0
3 8 30 1
3 8 31 0
3 8 32 1
3 8 33 0
3 8 34 1
3 8 35 0
3 8 36 1
3 8 37 0
3 8 38 1
3 8 39 0
3 8 40 1
3 8 41 0
3 8 42 1
3 8 43 0
3 8 44 1
3 8 45 0
3 8 46 1
3 8 47 0
3 8 48 1
3 8 49 0
3 8 50 1
3 8 51 0
3 8 52 1
3 8 53 0
3 8 54 1
3 8 55 0
3 8 56 1
3 8 57 0
3 8 58 1
3 8 59 0
3 8 60 1
3 8 61 0
3 8 62 1
3 8 63 0
3 9 0 1
3 9 1 0
3 9 2 1
3 9 3 0
3 9 4 1
3 9 5 0
3 9 6 1
3 9 7 0
3 9 8 1
3 9 9 0
3 9 10 1
3 9 11 0
3 9 12 1
3 9 13 0
3 9 14 1
3 9 15 0
3 9 16 1
3 9 17 0
3 9 18 1
3 9 19 0
3 9 20 1
3 9 21 0
3 9 22 1
3 9 23 0
3 9 24 1
3 9 25 0
3 9 26 1
3 9 27 0
3 9 28 1
3 9 29 0
3 9 30 1
3 9 31 0
3 9 32 1
3 9 33 0
3 9 34 1
3 9 35 0
3 9 36 1
3 9 37 0
3 9 38 1
3 9 39 0
3 9 40 1
3 9 41 0
3 9 42 1
3 9 43 0
3 9 44 1
3 9 45 0
3 9 46 1
3 9 47 0
3 9 48 1
3 9 49 0
3 9 50 1
3 9 51 0
3 9 52 1
3 9 53 0
3 9 54 1
3 9 55 0
3 9 56 1
3 9 57 0
3 9 58 1
3 9 59 0
3 9 60 1
3 9 61 0
3 9 62 1
3 9 63 0
4 0 0 2
4 0 1 2
4 0 2 2
4 0 3 2
4 0 4 2
4 0 5 2
4 0 6 2
4 0 7 2
4 0 8 2
4 0 9 2
4 0 10 2
4 0 11 2
4 0 12 2
4 0 13 2
4 0 14 2
4 0 15 2
4 0 16 2
4 0 17 2
4 0 18 2
4 0 19 2
4 0 20 2
4 0 21 2
4 0 22 2
4 0 23 2
4 0 24 2
4 0 25 2
4 0 26 2
4 0 27 2
4 0 28 2
4 0 29 2
4 0 30 2
4 0 31 2
4 0 32 1
4 0 33 1
4 0 34 1
4 0 35 1
4 0 36 1
4 0 37 1
4 0 38 1
4 0 39 1
4 0 40 1
4 0 41 1
4 0 42 1
4 0 43 1
4 0 44 1
4 0 45 1
4 0 46 1
4 0 47 1
4 0 48 1
4 0 49 1
4 0 50 1
4 0 51 1
4 0 52 1
4 0 53 1
4 0 54 1
4 0 55 1
4 0 56 1
4 0 57 1
4 0 58 1
4 0 59 1
4 0 60 1
4 0 61 1
4 0 62 1
4 0 63 1
4 1 0 2
4 1 1 2
4 1 2 2
4 1 3 2
4 1 4 2
4 1 5 2
4 1 6 2
4 1 7 2
4 1 8 2
4 1 9 2
4 1 10 2
4 1 11 2
4 1 12 2
4 1 13 2
4 1 14 2
4 1 15 2
4 1 16 2
4 1 17 2
4 1 18 2
4 1 19 2
4 1 20 2
4 1 21 2
4 1 22 2
4 1 23 2
4 1 24 2
4 1 25 2
4 1 26 2
4 1 27 2
4 1 28 2
4 1 29 2
4 1 30 2
4 1 31 2
4 1 32 2
4 1 33 2
4 1 34 2
4 1 35 2
4 1 36 2
4 1 37 2
4 1 38 2
4 1 39 2
4 1 40 2
4 1 41 2
4 1 42 2
4 1 43 2
4 1 44 2
4 1 45 2
4 1 46 2
4 1 47 2
4 1 48 2
4 1 49 2
4 1 50 2
4 1 51 2
4 1 52 2
4 1 53 2
4 1 54 2
4 1 55 2
4 1 56 2
4 1 57 2
4 1 58 2
4 1 59 2
4 1 60 2
4 1 61 2
4 1 62 2
4 1 63 2
4 2 0 2
4 2 1 2
4 2 2 2
4 2 3 2
4 2 4 2
4 2 5 2
4 2 6 2
4 2 7 2
4 2 8 2
4 2 9 2
4 2 10 2
4 2 11 2
4 2 12 2
4 2 13 2
4 2 14 2
4 2 15 2
4 2 16 2
4 2 17 2
4 2 18 2
4 2 19 2
4 2 20 2
4 2 21 2
4 2 22 2
4 2 23 2
4 2 24 2
4 2 25 2
4 2 26 2
4 2 27 2
4 2 28 2
4 2 29 2
4 2 30 2
4 2 31 2
4 2 32 1
4 2 33 1
4 2 34 1
4 2 35 1
4 2 36 1
4 2 37 1
4 2 38 1
4 2 39 1
4 2 40 1
4 2 41 1
4 2 42 1
4 2 43 1
4 2 44 1
4 2 45 1
4 2 46 1
4 2 47 1
4 2 48 1
4 2 49 1
4 2 50 1
4 2 51 1
4 2 52 1
4 2 53 1
4 2 54 1
4 2 55 1
4 2 56 1
4 2 57 1
4 2 58 1
4 2 59 1
4 2 60 1
4 2 61 1
4 2 62 1
4 2 63 1
4 3 0 1
4 3 1 0
4 3 2 1
4 3 3 0
4 3 4 1
4 3 5 0
4 3 6 1
4 3 7 0
4 3 8 1
4 3 9 0
4 3 10 1
4 3 11 0
4 3 12 1
4 3 13 0
4 3 14 1
4 3 15 0
4 3 16 1
4 3 17 0
4 3 18 1
4 3 19 0
4 3 20 1
4 3 21 0
4 3 22 1
4 3 23 0
4 3 24 1
4 3 25 0
4 3 26 1
4 3 27 0
4 3 28 1
4 3 29 0
4 3 30 1
4 3 31 0
4 3 32 1
4 3 33 0
4 3 34 1
4 3 35 0
4 3 36 1
4 3 37 0
4 3 38 1
4 3 39 0
4 3 40 1
4 3 41 0
4 3 42 1
4 3 43 0
4 3 44 1
4 3 45 0
4 3 46 1
4 3 47 0
4 3 48 1
4 3 49 0
4 3 50 1
4 3 51 0
4 3 52 1
4 3 53 0
4 3 54 1
4 3 55 0
4 3 56 1
4 3 57 0
4 3 58 1
4 3 59 0
4 3 60 1
4 3 61 0
4 3 62 1
4 3 63 0
4 4 0 1
4 4 1 0
4 4 2 1
4 4 3 0
4 4 4 1
4 4 5 0
4 4 6 1
4 4 7 0
4 4 8 1
4 4 9 0
4 4 10 1
4 4 11 0
4 4 12 1
4 4 13 0
4 4 14 1
4 4 15 0
4 4 16 1
4 4 17 0
4 4 18 1
4 4 19 0
4 4 20 1
4 4 21 0
4 4 22 1
4 4 23 0
4 4 24 1
4 4 25 0
4 4 26 1
4 4 27 0
4 4 28 1
4 4 29 0
4 4 30 1
4 4 31 0
4 4 32 1
4 4 33 0
4 4 34 1
4 4 35 0
4 4 36 1
4 4 37 0
4 4 38 1
4 4 39 0
4 4 40 1
4 4 41 0
4 4 42 1
4 4 43 0
4 4 44 1
4 4 45 0
4 4 46 1
4 4 47 0
4 4 48 1
4 4 49 0
4 4 50 1
4 4 51 0
4 4 52 1
4 4 53 0
4 4 54 1
4 4 55 0
4 4 56 1
4 4 57 0
4 4 58 1
4 4 59 0
4 4 60 1
4 4 61 0
4 4 62 1
4 4 63 0
4 5 0 1
4 5 1 0
4 5 2 1
4 5 3 0
4 5 4 1
4 5 5 0
4 5 6 1
4 5 7 0
4 5 8 1
4 5 9 0
4 5 10 1
4 5 11 0
4 5 12 1
4 5 13 0
4 5 14 1
4 5 15 0
4 5 16 1
4 5 17 0
4 5 18 1
4 5 19 0
4 5 20 1
4 5 21 0
4 5 22 1
4 5 23 0
4 5 24 1
4 5 25 0
4 5 26 1
4 5 27 0
4 5 28 1
4 5 29 0
4 5 30 1
4 5 31 0
4 5 32 1
4 5 33 0
4 5 34 1
4 5 35 0
4 5 36 1
4 5 37 0
4 5 38 1
4 5 39 0
4 5 40 1
4 5 41 0
4 5 42 1
4 5 43 0
4 5 44 1
4 5 45 0
4 5 46 1
4 5 47 0
4 5 48 1
4 5 49 0
4 5 50 1
4 5 51 0
4 5 52 1
4 5 53 0
4 5 54 1
4 5 55 0
4 5 56 1
4 5 57 0
4 5 58 1
4 5 59 0
4 5 60 1
4 5 61 0
4 5 62 1
4 5 63 0
4 6 0 1
4 6 1 0
4 6 2 1
4 6 3 0
4 6 4 1
4 6 5 0
4 6 6 1
4 6 7 0
4 6 8 1
4 6 9 0
4 6 10 1
4 6 11 0
4 6 12 1
4 6 13 0
4 6 14 1
4 6 15 0
4 6 16 1
4 6 17 0
4 6 18 1
4 6 19 0
4 6 20 1
4 6 21 0
4 6 22 1
4 6 23 0
4 6 24 1
4 6 25 0
4 6 26 1
4 6 27 0
4 6 28 1
4 6 29 0
4 6 30 1
4 6 31 0
4 6 32 1
4 6 33 0
4 6 34 1
4 6 35 0
4 6 36 1
4 6 37 0
4 6 38 1
4 6 39 0
4 6 40 1
4 6 41 0
4 6 42 1
4 6 43 0
4 6 44 1
4 6 45 0
4 6 46 1
4 6 47 0
4 6 48 1
4 6 49 0
4 6 50 1
4 6 51 0
4 6 52 1
4 6 53 0
4 6 54 1
4 6 55 0
4 6 56 1
4 6 57 0
4 6 58 1
4 6 59 0
4 6 60 1
4 6 61 0
4 6 62 1
4 6 63 0
4 7 0 2
4 7 1 2
4 7 2 2
4 7 3 2
4 7 4 2
4 7 5 2
4 7 6 2
4 7 7 2
4 7 8 2
4 7 9 2
4 7 10 2
4 7 11 2
4 7 12 2
4 7 13 2
4 7 14 2
4 7 15 2
4 7 16 2
4 7 17 2
4 7 18 2
4 7 19 2
4 7 20 2
4 7 21 2
4 7 22 2
4 7 23 2
4 7 24 2
4 7 25 2
4 7 26 2
4 7 27 2
4 7 28 2
4 7 29 2
4 7 30 2
4 7 31 2
4 7 32 2
4 7 33 2
4 7 34 2
4 7 35 2
4 7 36 2
4 7 37 2
4 7 38 2
4 7 39 2
4 7 40 2
4 7 41 2
4 7 42 2
4 7 43 2
4 7 44 2
4 7 45 2
4 7 46 2
4 7 47 2
4 7 48 2
4 7 49 2
4 7 50 2
4 7 51 2
4 7 52 2
4 7 53 2
4 7 54 2
4 7 55 2
4 7 56 2
4 7 57 2
4 7 58 2
4 7 59 2
4 7 60 2
4 7 61 2
4 7 62 2
4 7 63 2
4 8 0 2
4 8 1 2
4 8 2 2
4 8 3 2
4 8 4 2
4 8 5 2
4 8 6 2
4 8 7 2
4 8 8 2
4 8 9 2
4 8 10 2
4 8 11 2
4 8 12 2
4 8 13 2
4 8 14 2
4 8 15 2
4 8 16 2
4 8 17 2
4 8 18 2
4 8 19 2
4 8 20 2
4 8 21 2
4 8 22 2
4 8 23 2
4 8 24 2
4 8 25 2
4 8 26 2
4 8 27 2
4 8 28 2
4 8 29 2
4 8 30 2
4 8 31 2
4 8 32 0
4 8 33 0
4 8 34 0
4 8 35 0
4 8 36 0
4 8 37 0
4 8 38 0
4 8 39 0
4 8 40 0
4 8 41 0
4 8 42 0
4 8 43 0
4 8 44 0
4 8 45 0
4 8 46 0
4 8 47 0
4 8 48 0
4 8 49 0
4 8 50 0
4 8 51 0
4 8 52 0
4 8 53 0
4 8 54 0
4 8 55 0
4 8 56 0
4 8 57 0
4 8 58 0
4 8 59 0
4 8 60 0
4 8 61 0
4 8 62 0
4 8 63 0
4 9 0 2
4 9 1 2
4 9 2 2
4 9 3 2
4 9 4 2
4 9 5 2
4 9 6 2
4 9 7 2
4 9 8 2
4 9 9 2
4 9 10 2
4 9 11 2
4 9 12 2
4 9 13 2
4 9 14 2
4 9 15 2
4 9 16 2
4 9 17 2
4 9 18 2
4 9 19 2
4 9 20 2
4 9 21 2
4 9 22 2
4 9 23 2
4 9 24 2
4 9 25 2
4 9 26 2
4 9 27 2
4 9 28 2
4 9 29 2
4 9 30 2
4 9 31 2
4 9 32 2
4 9 33 2
4 9 34 2
4 9 35 2
4 9 36 2
4 9 37 2
4 9 38 2
4 9 39 2
4 9 40 2
4 9 41 2
4 9 42 2
4 9 43 2
4 9 44 2
4 9 45 2
4 9 46 2
4 9 47 2
4 9 48 2
4 9 49 2
4 9 50 2
4 9 51 2
4 9 52 2
4 9 53 2
4 9 54 2
4 9 55 2
4 9 56 2
4 9 57 2
4 9 58 2
4 9 59 2
4 9 60 2
4 9 61 2
4 9 62 2
4 9 63 2
5 0 0 2
5 0 1 2
5 0 2 2
5 0 3 2
5 0 4 2
5 0 5 2
5 0 6 2
5 0 7 2
5 0 8 2
5 0 9 2
5 0 10 2
5 0 11 2
5 0 12 2
5 0 13 2
5 0 14 2
5 0 15 2
5 0 16 2
5 0 17 2
5 0 18 2
5 0 19 2
5 0 20 2
5 0 21 2
5 0 22 2
5 0 23 2
5 0 24 2
5 0 25 2
5 0 26 2
5 0 27 2
5 0 28 2
5 0 29 2
5 0 30 2
5 0 31 2
5 0 32 2
5 0 33 2
5 0 34 2
5 0 35 2
5 0 36 2
5 0 37 2
5 0 38 2
5 0 39 2
5 0 40 2
5 0 41 2
5 0 42 2
5 0 43 2
5 0 44 2
5 0 45 2
5 0 46 2
5 0 47 2
5 0 48 2
5 0 49 2
5 0 50 2
5 0 51 2
5 0 52 2
5 0 53 2
5 0 54 2
5 0 55 2
5 0 56 2
5 0 57 2
5 0 58 2
5 0 59 2
5 0 60 2
5 0 61 2
5 0 62 2
5 0 63 2
5 1 0 2
5 1 1 2
5 1 2 2
5 1 3 2
5 1 4 2
5 1 5 2
5 1 6 2
5 1 7 2
5 1 8 2
5 1 9 2
5 1 10 2
5 1 11 2
5 1 12 2
5 1 13 2
5 1 14 2
5 1 15 2
5 1 16 2
5 1 17 2
5 1 18 2
5 1 19 2
5 1 20 2
5 1 21 2
5 1 22 2
5 1 23 2
5 1 24 2
5 1 25 2
5 1 26 2
5 1 27 2
5 1 28 2
5 1 29 2
5 1 30 2
5 1 31 2
5 1 32 1
5 1 33 1
5 1 34 1
5 1 35 1
5 1 36 1
5 1 37 1
5 1 38 1
5 1 39 1
5 1 40 1
5 1 41 1
5 1 42 1
5 1 43 1
5 1 44 1
5 1 45 1
5 1 46 1
5 1 47 1
5 1 48 1
5 1 49 1
5 1 50 1
5 1 51 1
5 1 52 1
5 1 53 1
5 1 54 1
5 1 55 1
5 1 56 1
5 1 57 1
5 1 58 1
5 1 59 1
5 1 60 1
5 1 61 1
5 1 62 1
5 1 63 1
5 2 0 2
5 2 1 2
5 2 2 2
5 2 3 2
5 2 4 2
5 2 5 2
5 2 6 2
5 2 7 2
5 2 8 2
5 2 9 2
5 2 10 2
5 2 11 2
5 2 12 2
5 2 13 2
5 2 14 2
5 2 15 2
5 2 16 2
5 2 17 2
5 2 18 2
5 2 19 2
5 2 20 2
5 2 21 2
5 2 22 2
5 2 23 2
5 2 24 2
5 2 25 2
5 2 26 2
5 2 27 2
5 2 28 2
5 2 29 2
5 2 30 2
5 2 31 2
5 2 32 2
5 2 33 2
5 2 34 2
5 2 35 2
5 2 36 2
5 2 37 2
5 2 38 2
5 2 39 2
5 2 40 2
5 2 41 2
5 2 42 2
5 2 43 2
5 2 44 2
5 2 45 2
5 2 46 2
5 2 47 2
5 2 48 2
5 2 49 2
5 2 50 2
5 2 51 2
5 2 52 2
5 2 53 2
5 2 54 2
5 2 55 2
5 2 56 2
5 2 57 2
5 2 58 2
5 2 59 2
5 2 60 2
5 2 61 2
5 2 62 2
5 2 63 2
5 3 0 0
5 3 1 1
5 3 2 0
5 3 3 1
5 3 4 0
5 3 5 1
5 3 6 0
5 3 7 1
5 3 8 0
5 3 9 1
5 3 10 0
5 3 11 1
5 3 12 0
5 3 13 1
5 3 14 0
5 3 15 1
5 3 16 0
5 3 17 1
5 3 18 0
5 3 19 1
5 3 20 0
5 3 21 1
5 3 22 0
5 3 23 1
5 3 24 2
5 3 25 2
5 3 26 2
5 3 27 2
5 3 28 0
5 3 29 1
5 3 30 0
5 3 31 1
5 3 32 0
5 3 33 1
5 3 34 0
5 3 35 1
5 3 36 0
5 3 37 1
5 3 38 0
5 3 39 1
5 3 40 0
5 3 41 1
5 3 42 0
5 3 43 1
5 3 44 0
5 3 45 1
5 3 46 0
5 3 47 1
5 3 48 0
5 3 49 1
5 3 50 0
5 3 51 1
5 3 52 0
5 3 53 1
5 3 54 0
5 3 55 1
5 3 56 0
5 3 57 1
5 3 58 0
5 3 59 1
5 3 60 0
5 3 61 1
5 3 62 0
5 3 63 1
5 4 0 0
5 4 1 1
5 4 2 0
5 4 3 1
5 4 4 0
5 4 5 1
5 4 6 0
5 4 7 1
5 4 8 0
5 4 9 1
5 4 10 0
5 4 11 1
5 4 12 0
5 4 13 1
5 4 14 0
5 4 15 1
5 4 16 0
5 4 17 1
5 4 18 0
5 4 19 1
5 4 20 0
5 4 21 1
5 4 22 0
5 4 23 1
5 4 24 0
5 4 25 1
5 4 26 0
5 4 27 1
5 4 28 0
5 4 29 1
5 4 30 0
5 4 31 1
5 4 32 0
5 4 33 1
5 4 34 0
5 4 35 1
5 4 36 0
5 4 37 1
5 4 38 0
5 4 39 1
5 4 40 0
5 4 41 1
5 4 42 0
5 4 43 1
5 4 44 0
5 4 45 1
5 4 46 0
5 4 47 1
5 4 48 0
5 4 49 1
5 4 50 0
5 4 51 1
5 4 52 0
5 4 53 1
5 4 54 0
5 4 55 1
5 4 56 0
5 4 57 1
5 4 58 0
5 4 59 1
5 4 60 0
5 4 61 1
5 4 62 0
5 4 63 1
5 5 0 0
5 5 1 1
5 5 2 0
5 5 3 1
5 5 4 0
5 5 5 1
5 5 6 0
5 5 7 1
5 5 8 0
5 5 9 1
5 5 10 0
5 5 11 1
5 5 12 0
5 5 13 1
5 5 14 0
5 5 15 1
5 5 16 0
5 5 17 1
5 5 18 0
5 5 19 1
5 5 20 0
5 5 21 1
5 5 22 0
5 5 23 1
5 5 24 0
5 5 25 1
5 5 26 0
5 5 27 1
5 5 28 0
5 5 29 1
5 5 30 0
5 5 31 1
5 5 32 0
5 5 33 1
5 5 34 0
5 5 35 1
5 5 36 0
5 5 37 1
5 5 38 0
5 5 39 1
5 5 40 0
5 5 41 1
5 5 42 0
5 5 43 1
5 5 44 0
5 5 45 1
5 5 46 0
5 5 47 1
5 5 48 0
5 5 49 1
5 5 50 0
5 5 51 1
5 5 52 0
5 5 53 1
5 5 54 0
5 5 55 1
5 5 56 0
5 5 57 1
5 5 58 0
5 5 59 1
5 5 60 0
5 5 61 1
5 5 62 0
5 5 63 1
5 6 0 0
5 6 1 1
5 6 2 0
5 6 3 1
5 6 4 0
5 6 5 1
5 6 6 0
5 6 7 1
5 6 8 0
5 6 9 1
5 6 10 0
5 6 11 1
5 6 12 0
5 6 13 1
5 6 14 0
5 6 15 1
5 6 16 0
5 6 17 1
5 6 18 0
5 6 19 1
5 6 20 0
5 6 21 1
5 6 22 0
5 6 23 1
5 6 24 0
5 6 25 1
5 6 26 0
5 6 27 1
5 6 28 0
5 6 29 1
5 6 30 0
5 6 31 1
5 6 32 0
5 6 33 1
5 6 34 0
5 6 35 1
5 6 36 2
5 6 37 2
5 6 38 2
5 6 39 2
5 6 40 0
5 6 41 1
5 6 42 0
5 6 43 1
5 6 44 0
5 6 45 1
5 6 46 0
5 6 47 1
5 6 48 0
5 6 49 1
5 6 50 0
5 6 51 1
5 6 52 0
5 6 53 1
5 6 54 0
5 6 55 1
5 6 56 0
5 6 57 1
5 6 58 0
5 6 59 1
5 6 60 0
5 6 61 1
5 6 62 0
5 6 63 1
5 7 0 2
5 7 1 2
5 7 2 2
5 7 3 2
5 7 4 2
5 7 5 2
5 7 6 2
5 7 7 2
5 7 8 2
5 7 9 2
5 7 10 2
5 7 11 2
5 7 12 2
5 7 13 2
5 7 14 2
5 7 15 2
5 7 16 2
5 7 17 2
5 7 18 2
5 7 19 2
5 7 20 2
5 7 21 2
5 7 22 2
5 7 23 2
5 7 24 2
5 7 25 2
5 7 26 2
5 7 27 2
5 7 28 2
5 7 29 2
5 7 30 2
5 7 31 2
5 7 32 0
5 7 33 0
5 7 34 0
5 7 35 0
5 7 36 0
5 7 37 0
5 7 38 0
5 7 39 0
5 7 40 0
5 7 41 0
5 7 42 0
5 7 43 0
5 7 44 0
5 7 45 0
5 7 46 0
5 7 47 0
5 7 48 0
5 7 49 0
5 7 50 0
5 7 51 0
5 7 52 0
5 7 53 0
5 7 54 0
5 7 55 0
5 7 56 0
5 7 57 0
5 7 58 0
5 7 59 0
5 7 60 0
5 7 61 0
5 7 62 0
5 7 63 0
5 8 0 2
5 8 1 2
5 8 2 2
5 8 3 2
5 8 4 2
5 8 5 2
5 8 6 2
5 8 7 2
5 8 8 2
5 8 9 2
5 8 10 2
5 8 11 2
5 8 12 2
5 8 13 2
5 8 14 2
5 8 15 2
5 8 16 2
5 8 17 2
5 8 18 2
5 8 19 2
5 8 20 2
5 8 21 2
5 8 22 2
5 8 23 2
5 8 24 2
5 8 25 2
5 8 26 2
5 8 27 2
5 8 28 2
5 8 29 2
5 8 30 2
5 8 31 2
5 8 32 2
5 8 33 2
5 8 34 2
5 8 35 2
5 8 36 2
5 8 37 2
5 8 38 2
5 8 39 2
5 8 40 2
5 8 41 2
5 8 42 2
5 8 43 2
5 8 44 2
5 8 45 2
5 8 46 2
5 8 47 2
5 8 48 2
5 8 49 2
5 8 50 2
5 8 51 2
5 8 52 2
5 8 53 2
5 8 54 2
5 8 55 2
5 8 56 2
5 8 57 2
5 8 58 2
5 8 59 2
5 8 60 2
5 8 61 2
5 8 62 2
5 8 63 2
5 9 0 2
5 9 1 2
5 9 2 2
5 9 3 2
5 9 4 2
5 9 5 2
5 9 6 2
5 9 7 2
5 9 8 2
5 9 9 2
5 9 10 2
5 9 11 2
5 9 12 2
5 9 13 2
5 9 14 2
5 9 15 2
5 9 16 2
5 9 17 2
5 9 18 2
5 9 19 2
5 9 20 2
5 9 21 2
5 9 22 2
5 9 23 2
5 9 24 2
5 9 25 2
5 9 26 2
5 9 27 2
5 9 28 2
5 9 29 2
5 9 30 2
5 9 31 2
5 9 32 0
5 9 33 0
5 9 34 0
5 9 35 0
5 9 36 0
5 9 37 0
5 9 38 0
5 9 39 0
5 9 40 0
5 9 41 0
5 9 42 0
5 9 43 0
5 9 44 0
5 9 45 0
5 9 46 0
5 9 47 0
5 9 48 0
5 9 49 0
5 9 50 0
5 9 51 0
5 9 52 0
5 9 53 0
5 9 54 0
5 9 55 0
5 9 56 0
5 9 57 0
5 9 58 0
5 9 59 0
5 9 60 0
5 9 61 0
5 9 62 0
5 9 63 0
6 0 0 2
6 0 1 2
6 0 2 2
6 0 3 2
6 0 4 2
6 0 5 2
6 0 6 2
6 0 7 2
6 0 8 2
6 0 9 2
6 0 10 2
6 0 11 2
6 0 12 2
6 0 13 2
6 0 14 2
6 0 15 2
6 0 16 2
6 0 17 2
6 0 18 2
6 0 19 2
6 0 20 2
6 0 21 2
6 0 22 2
6 0 23 2
6 0 24 2
6 0 25 2
6 0 26 2
6 0 27 2
6 0 28 2
6 0 29 2
6 0 30 2
6 0 31 2
6 0 32 2
6 0 33 2
6 0 34 2
6 0 35 2
6 0 36 2
6 0 37 2
6 0 38 2
6 0 39 2
6 0 40 2
6 0 41 2
6 0 42 2
6 0 43 2
6 0 44 2
6 0 45 2
6 0 46 2
6 0 47 2
6 0 48 2
6 0 49 2
6 0 50 2
6 0 51 2
6 0 52 2
6 0 53 2
6 0 54 2
6 0 55 2
6 0 56 2
6 0 57 2
6 0 58 2
6 0 59 2
6 0 60 2
6 0 61 2
6 0 62 2
6 0 63 2
6 1 0 2
6 1 1 2
6 1 2 2
6 1 3 2
6 1 4 2
6 1 5 2
6 1 6 2
6 1 7 2
6 1 8 2
6 1 9 2
6 1 10 2
6 1 11 2
6 1 12 2
6 1 13 2
6 1 14 2
6 1 15 2
6 1 16 2
6 1 17 2
6 1 18 2
6 1 19 2
6 1 20 2
6 1 21 2
6 1 22 2
6 1 23 2
6 1 24 2
6 1 25 2
6 1 26 2
6 1 27 2
6 1 28 2
6 1 29 2
6 1 30 2
6 1 31 2
6 1 32 0
6 1 33 0
6 1 34 0
6 1 35 0
6 1 36 0
6 1 37 0
6 1 38 0
6 1 39 0
6 1 40 0
6 1 41 0
6 1 42 0
6 1 43 0
6 1 44 0
6 1 45 0
6 1 46 0
6 1 47 0
6 1 48 0
6 1 49 0
6 1 50 0
6 1 51 0
6 1 52 0
6 1 53 0
6 1 54 0
6 1 55 0
6 1 56 0
6 1 57 0
6 1 58 0
6 1 59 0
6 1 60 0
6 1 61 0
6 1 62 0
6 1 63 0
6 2 0 2
6 2 1 2
6 2 2 2
6 2 3 2
6 2 4 2
6 2 5 2
6 2 6 2
6 2 7 2
6 2 8 2
6 2 9 2
6 2 10 2
6 2 11 2
6 2 12 2
6 2 13 2
6 2 14 2
6 2 15 2
6 2 16 2
6 2 17 2
6 2 18 2
6 2 19 2
6 2 20 2
6 2 21 2
6 2 22 2
6 2 23 2
6 2 24 2
6 2 25 2
6 2 26 2
6 2 27 2
6 2 28 2
6 2 29 2
6 2 30 2
6 2 31 2
6 2 32 2
6 2 33 2
6 2 34 2
6 2 35 2
6 2 36 2
6 2 37 2
6 2 38 2
6 2 39 2
6 2 40 2
6 2 41 2
6 2 42 2
6 2 43 2
6 2 44 2
6 2 45 2
6 2 46 2
6 2 47 2
6 2 48 2
6 2 49 2
6 2 50 2
6 2 51 2
6 2 52 2
6 2 53 2
6 2 54 2
6 2 55 2
6 2 56 2
6 2 57 2
6 2 58 2
6 2 59 2
6 2 60 2
6 2 61 2
6 2 62 2
6 2 63 2
6 3 0 2
6 3 1 2
6 3 2 2
6 3 3 2
6 3 4 2
6 3 5 2
6 3 6 2
6 3 7 2
6 3 8 2
6 3 9 2
6 3 10 2
6 3 11 2
6 3 12 2
6 3 13 2
6 3 14 2
6 3 15 2
6 3 16 2
6 3 17 2
6 3 18 2
6 3 19 2
6 3 20 2
6 3 21 2
6 3 22 2
6 3 23 2
6 3 24 2
6 3 25 2
6 3 26 2
6 3 27 2
6 3 28 2
6 3 29 2
6 3 30 2
6 3 31 2
6 3 32 0
6 3 33 0
6 3 34 0
6 3 35 0
6 3 36 0
6 3 37 0
6 3 38 0
6 3 39 0
6 3 40 0
6 3 41 0
6 3 42 0
6 3 43 0
6 3 44 0
6 3 45 0
6 3 46 0
6 3 47 0
6 3 48 0
6 3 49 0
6 3 50 0
6 3 51 0
6 3 52 0
6 3 53 0
6 3 54 0
6 3 55 0
6 3 56 0
6 3 57 0
6 3 58 0
6 3 59 0
6 3 60 0
6 3 61 0
6 3 62 0
6 3 63 0
6 4 0 2
6 4 1 2
6 4 2 2
6 4 3 2
6 4 4 2
6 4 5 2
6 4 6 2
6 4 7 2
6 4 8 2
6 4 9 2
6 4 10 2
6 4 11 2
6 4 12 2
6 4 13 2
6 4 14 2
6 4 15 2
6 4 16 2
6 4 17 2
6 4 18 2
6 4 19 2
6 4 20 2
6 4 21 2
6 4 22 2
6 4 23 2
6 4 24 2
6 4 25 2
6 4 26 2
6 4 27 2
6 4 28 2
6 4 29 2
6 4 30 2
6 4 31 2
6 4 32 2
6 4 33 2
6 4 34 2
6 4 35 2
6 4 36 2
6 4 37 2
6 4 38 2
6 4 39 2
6 4 40 2
6 4 41 2
6 4 42 2
6 4 43 2
6 4 44 2
6 4 45 2
6 4 46 2
6 4 47 2
6 4 48 2
6 4 49 2
6 4 50 2
6 4 51 2
6 4 52 2
6 4 53 2
6 4 54 2
6 4 55 2
6 4 56 2
6 4 57 2
6 4 58 2
6 4 59 2
6 4 60 2
6 4 61 2
6 4 62 2
6 4 63 2
6 5 0 2
6 5 1 2
6 5 2 2
6 5 3 2
6 5 4 2
6 5 5 2
6 5 6 2
6 5 7 2
6 5 8 2
6 5 9 2
6 5 10 2
6 5 11 2
6 5 12 2
6 5 13 2
6 5 14 2
6 5 15 2
6 5 16 2
6 5 17 2
6 5 18 2
6 5 19 2
6 5 20 2
6 5 21 2
6 5 22 2
6 5 23 2
6 5 24 2
6 5 25 2
6 5 26 2
6 5 27 2
6 5 28 2
6 5 29 2
6 5 30 2
6 5 31 2
6 5 32 1
6 5 33 1
6 5 34 1
6 5 35 1
6 5 36 1
6 5 37 1
6 5 38 1
6 5 39 1
6 5 40 1
6 5 41 1
6 5 42 1
6 5 43 1
6 5 44 1
6 5 45 1
6 5 46 1
6 5 47 1
6 5 48 1
6 5 49 1
6 5 50 1
6 5 51 1
6 5 52 1
6 5 53 1
6 5 54 1
6 5 55 1
6 5 56 1
6 5 57 1
6 5 58 1
6 5 59 1
6 5 60 1
6 5 61 1
6 5 62 1
6 5 63 1
6 6 0 2
6 6 1 2
6 6 2 2
6 6 3 2
6 6 4 2
6 6 5 2
6 6 6 2
6 6 7 2
6 6 8 2
6 6 9 2
6 6 10 2
6 6 11 2
6 6 12 2
6 6 13 2
6 6 14 2
6 6 15 2
6 6 16 2
6 6 17 2
6 6 18 2
6 6 19 2
6 6 20 2
6 6 21 2
6 6 22 2
6 6 23 2
6 6 24 2
6 6 25 2
6 6 26 2
6 6 27 2
6 6 28 2
6 6 29 2
6 6 30 2
6 6 31 2
6 6 32 2
6 6 33 2
6 6 34 2
6 6 35 2
6 6 36 2
6 6 37 2
6 6 38 2
6 6 39 2
6 6 40 2
6 6 41 2
6 6 42 2
6 6 43 2
6 6 44 2
6 6 45 2
6 6 46 2
6 6 47 2
6 6 48 2
6 6 49 2
6 6 50 2
6 6 51 2
6 6 52 2
6 6 53 2
6 6 54 2
6 6 55 2
6 6 56 2
6 6 57 2
6 6 58 2
6 6 59 2
6 6 60 2
6 6 61 2
6 6 62 2
6 6 63 2
6 7 0 2
6 7 1 2
6 7 2 2
6 7 3 2
6 7 4 2
6 7 5 2
6 7 6 2
6 7 7 2
6 7 8 2
6 7 9 2
6 7 10 2
6 7 11 2
6 7 12 2
6 7 13 2
6 7 14 2
6 7 15 2
6 7 16 2
6 7 17 2
6 7 18 2
6 7 19 2
6 7 20 2
6 7 21 2
6 7 22 2
6 7 23 2
6 7 24 2
6 7 25 2
6 7 26 2
6 7 27 2
6 7 28 2
6 7 29 2
6 7 30 2
6 7 31 2
6 7 32 1
6 7 33 1
6 7 34 1
6 7 35 1
6 7 36 1
6 7 37 1
6 7 38 1
6 7 39 1
6 7 40 1
6 7 41 1
6 7 42 1
6 7 43 1
6 7 44 1
6 7 45 1
6 7 46 1
6 7 47 1
6 7 48 1
6 7 49 1
6 7 50 1
6 7 51 1
6 7 52 1
6 7 53 1
6 7 54 1
6 7 55 1
6 7 56 1
6 7 57 1
6 7 58 1
6 7 59 1
6 7 60 1
6 7 61 1
6 7 62 1
6 7 63 1
6 8 0 2
6 8 1 2
6 8 2 2
6 8 3 2
6 8 4 2
6 8 5 2
6 8 6 2
6 8 7 2
6 8 8 2
6 8 9 2
6 8 10 2
6 8 11 2
6 8 12 2
6 8 13 2
6 8 14 2
6 8 15 2
6 8 16 2
6 8 17 2
6 8 18 2
6 8 19 2
6 8 20 2
6 8 21 2
6 8 22 2
6 8 23 2
6 8 24 2
6 8 25 2
6 8 26 2
6 8 27 2
6 8 28 2
6 8 29 2
6 8 30 2
6 8 31 2
6 8 32 2
6 8 33 2
6 8 34 2
6 8 35 2
6 8 36 2
6 8 37 2
6 8 38 2
6 8 39 2
6 8 40 2
6 8 41 2
6 8 42 2
6 8 43 2
6 8 44 2
6 8 45 2
6 8 46 2
6 8 47 2
6 8 48 2
6 8 49 2
6 8 50 2
6 8 51 2
6 8 52 2
6 8 53 2
6 8 54 2
6 8 55 2
6 8 56 2
6 8 57 2
6 8 58 2
6 8 59 2
6 8 60 2
6 8 61 2
6 8 62 2
6 8 63 2
6 9 0 2
6 9 1 2
6 9 2 2
6 9 3 2
6 9 4 2
6 9 5 2
6 9 6 2
6 9 7 2
6 9 8 2
6 9 9 2
6 9 10 2
6 9 11 2
6 9 12 2
6 9 13 2
6 9 14 2
6 9 15 2
6 9 16 2
6 9 17 2
6 9 18 2
6 9 19 2
6 9 20 2
6 9 21 2
6 9 22 2
6 9 23 2
6 9 24 2
6 9 25 2
6 9 26 2
6 9 27 2
6 9 28 2
6 9 29 2
6 9 30 2
6 9 31 2
6 9 32 1
6 9 33 1
6 9 34 1
6 9 35 1
6 9 36 1
6 9 37 1
6 9 38 1
6 9 39 1
6 9 40 1
6 9 41 1
6 9 42 1
6 9 43 1
6 9 44 1
6 9 45 1
6 9 46 1
6 9 47 1
6 9 48 1
6 9 49 1
6 9 50 1
6 9 51 1
6 9 52 1
6 9 53 1
6 9 54 1
6 9 55 1
6 9 56 1
6 9 57 1
6 9 58 1
6 9 59 1
6 9 60 1
6 9 61 1
6 9 62 1
6 9 63 1
7 0 0 2
7 0 1 2
7 0 2 2
7 0 3 2
7 0 4 2
7 0 5 2
7 0 6 2
7 0 7 2
7 0 8 2
7 0 9 2
7 0 10 2
7 0 11 2
7 0 12 2
7 0 13 2
7 0 14 2
7 0 15 2
7 0 16 2
7 0 17 2
7 0 18 2
7 0 19 2
7 0 20 2
7 0 21 2
7 0 22 2
7 0 23 2
7 0 24 2
7 0 25 2
7 0 26 2
7 0 27 2
7 0 28 2
7 0 29 2
7 0 30 2
7 0 31 2
7 0 32 2
7 0 33 2
7 0 34 2
7 0 35 2
7 0 36 2
7 0 37 2
7 0 38 2
7 0 39 2
7 0 40 2
7 0 41 2
7 0 42 2
7 0 43 2
7 0 44 2
7 0 45 2
7 0 46 2
7 0 47 2
7 0 48 2
7 0 49 2
7 0 50 2
7 0 51 2
7 0 52 2
7 0 53 2
7 0 54 2
7 0 55 2
7 0 56 2
7 0 57 2
7 0 58 2
7 0 59 2
7 0 60 2
7 0 61 2
7 0 62 2
7 0 63 2
7 1 0 0
7 1 1 1
7 1 2 0
7 1 3 1
7 1 4 0
7 1 5 1
7 1 6 0
7 1 7 1
7 1 8 0
7 1 9 1
7 1 10 0
7 1 11 1
7 1 12 0
7 1 13 1
7 1 14 0
7 1 15 1
7 1 16 0
7 1 17 1
7 1 18 0
7 1 19 1
7 1 20 0
7 1 21 1
7 1 22 0
7 1 23 1
7 1 24 2
7 1 25 2
7 1 26 2
7 1 27 2
7 1 28 0
7 1 29 1
7 1 30 0
7 1 31 1
7 1 32 0
7 1 33 1
7 1 34 0
7 1 35 1
7 1 36 0
7 1 37 1
7 1 38 0
7 1 39 1
7 1 40 0
7 1 41 1
7 1 42 0
7 1 43 1
7 1 44 0
7 1 45 1
7 1 46 0
7 1 47 1
7 1 48 0
7 1 49 1
7 1 50 0
7 1 51 1
7 1 52 0
7 1 53 1
7 1 54 0
7 1 55 1
7 1 56 0
7 1 57 1
7 1 58 0
7 1 59 1
7 1 60 0
7 1 61 1
7 1 62 0
7 1 63 1
7 2 0 0
7 2 1 1
7 2 2 0
7 2 3 1
7 2 4 0
7 2 5 1
7 2 6 0
7 2 7 1
7 2 8 0
7 2 9 1
7 2 10 0
7 2 11 1
7 2 12 0
7 2 13 1
7 2 14 0
7 2 15 1
7 2 16 0
7 2 17 1
7 2 18 0
7 2 19 1
7 2 20 0
7 2 21 1
7 2 22 0
7 2 23 1
7 2 24 0
7 2 25 1
7 2 26 0
7 2 27 1
7 2 28 0
7 2 29 1
7 2 30 0
7 2 31 1
7 2 32 0
7 2 33 1
7 2 34 0
7 2 35 1
7 2 36 0
7 2 37 1
7 2 38 0
7 2 39 1
7 2 40 0
7 2 41 1
7 2 42 0
7 2 43 1
7 2 44 0
7 2 45 1
7 2 46 0
7 2 47 1
7 2 48 0
7 2 49 1
7 2 50 0
7 2 51 1
7 2 52 0
7 2 53 1
7 2 54 0
7 2 55 1
7 2 56 0
7 2 57 1
7 2 58 0
7 2 59 1
7 2 60 0
7 2 61 1
7 2 62 0
7 2 63 1
7 3 0 1
7 3 1 0
7 3 2 1
7 3 3 0
7 3 4 1
7 3 5 0
7 3 6 1
7 3 7 0
7 3 8 1
7 3 9 0
7 3 10 1
7 3 11 0
7 3 12 1
7 3 13 0
7 3 14 1
7 3 15 0
7 3 16 1
7 3 17 0
7 3 18 1
7 3 19 0
7 3 20 1
7 3 21 0
7 3 22 1
7 3 23 0
7 3 24 1
7 3 25 0
7 3 26 1
7 3 27 0
7 3 28 1
7 3 29 0
7 3 30 1
7 3 31 0
7 3 32 1
7 3 33 0
7 3 34 1
7 3 35 0
7 3 36 1
7 3 37 0
7 3 38 1
7 3 39 0
7 3 40 1
7 3 41 0
7 3 42 1
7 3 43 0
7 3 44 1
7 3 45 0
7 3 46 1
7 3 47 0
7 3 48 1
7 3 49 0
7 3 50 1
7 3 51 0
7 3 52 1
7 3 53 0
7 3 54 1
7 3 55 0
7 3 56 1
7 3 57 0
7 3 58 1
7 3 59 0
7 3 60 1
7 3 61 0
7 3 62 1
7 3 63 0
7 4 0 1
7 4 1 0
7 4 2 1
7 4 3 0
7 4 4 1
7 4 5 0
7 4 6 1
7 4 7 0
7 4 8 1
7 4 9 0
7 4 10 1
7 4 11 0
7 4 12 1
7 4 13 0
7 4 14 1
7 4 15 0
7 4 16 1
7 4 17 0
7 4 18 1
7 4 19 0
7 4 20 1
7 4 21 0
7 4 22 1
7 4 23 0
7 4 24 1
7 4 25 0
7 4 26 1
7 4 27 0
7 4 28 1
7 4 29 0
7 4 30 1
7 4 31 0
7 4 32 1
7 4 33 0
7 4 34 1
7 4 35 0
7 4 36 1
7 4 37 0
7 4 38 1
7 4 39 0
7 4 40 1
7 4 41 0
7 4 42 1
7 4 43 0
7 4 44 1
7 4 45 0
7 4 46 1
7 4 47 0
7 4 48 1
7 4 49 0
7 4 50 1
7 4 51 0
7 4 52 1
7 4 53 0
7 4 54 1
7 4 55 0
7 4 56 1
7 4 57 0
7 4 58 1
7 4 59 0
7 4 60 1
7 4 61 0
7 4 62 1
7 4 63 0
7 5 0 0
7 5 1 1
7 5 2 0
7 5 3 1
7 5 4 0
7 5 5 1
7 5 6 0
7 5 7 1
7 5 8 0
7 5 9 1
7 5 10 0
7 5 11 1
7 5 12 0
7 5 13 1
7 5 14 0
7 5 15 1
7 5 16 0
7 5 17 1
7 5 18 0
7 5 19 1
7 5 20 0
7 5 21 1
7 5 22 0
7 5 23 1
7 5 24 0
7 5 25 1
7 5 26 0
7 5 27 1
7 5 28 0
7 5 29 1
7 5 30 0
7 5 31 1
7 5 32 0
7 5 33 1
7 5 34 0
7 5 35 1
7 5 36 0
7 5 37 1
7 5 38 0
7 5 39 1
7 5 40 0
7 5 41 1
7 5 42 0
7 5 43 1
7 5 44 0
7 5 45 1
7 5 46 0
7 5 47 1
7 5 48 0
7 5 49 1
7 5 50 0
7 5 51 1
7 5 52 0
7 5 53 1
7 5 54 0
7 5 55 1
7 5 56 0
7 5 57 1
7 5 58 0
7 5 59 1
7 5 60 0
7 5 61 1
7 5 62 0
7 5 63 1
7 6 0 0
7 6 1 1
7 6 2 0
7 6 3 1
7 6 4 0
7 6 5 1
7 6 6 0
7 6 7 1
7 6 8 0
7 6 9 1
7 6 10 0
7 6 11 1
7 6 12 0
7 6 13 1
7 6 14 0
7 6 15 1
7 6 16 0
7 6 17 1
7 6 18 0
7 6 19 1
7 6 20 0
7 6 21 1
7 6 22 0
7 6 23 1
7 6 24 0
7 6 25 1
7 6 26 0
7 6 27 1
7 6 28 0
7 6 29 1
7 6 30 0
7 6 31 1
7 6 32 0
7 6 33 1
7 6 34 0
7 6 35 1
7 6 36 2
7 6 37 2
7 6 38 2
7 6 39 2
7 6 40 0
7 6 41 1
7 6 42 0
7 6 43 1
7 6 44 0
7 6 45 1
7 6 46 0
7 6 47 1
7 6 48 0
7 6 49 1
7 6 50 0
7 6 51 1
7 6 52 0
7 6 53 1
7 6 54 0
7 6 55 1
7 6 56 0
7 6 57 1
7 6 58 0
7 6 59 1
7 6 60 0
7 6 61 1
7 6 62 0
7 6 63 1
7 7 0 2
7 7 1 2
7 7 2 2
7 7 3 2
7 7 4 2
7 7 5 2
7 7 6 2
7 7 7 2
7 7 8 2
7 7 9 2
7 7 10 2
7 7 11 2
7 7 12 2
7 7 13 2
7 7 14 2
7 7 15 2
7 7 16 2
7 7 17 2
7 7 18 2
7 7 19 2
7 7 20 2
7 7 21 2
7 7 22 2
7 7 23 2
7 7 24 2
7 7 25 2
7 7 26 2
7 7 27 2
7 7 28 2
7 7 29 2
7 7 30 2
7 7 31 2
7 7 32 0
7 7 33 0
7 7 34 0
7 7 35 0
7 7 36 0
7 7 37 0
7 7 38 0
7 7 39 0
7 7 40 0
7 7 41 0
7 7 42 0
7 7 43 0
7 7 44 0
7 7 45 0
7 7 46 0
7 7 47 0
7 7 48 0
7 7 49 0
7 7 50 0
7 7 51 0
7 7 52 0
7 7 53 0
7 7 54 0
7 7 55 0
7 7 56 0
7 7 57 0
7 7 58 0
7 7 59 0
7 7 60 0
7 7 61 0
7 7 62 0
7 7 63 0
8 0 0 1
8 0 1 0
8 0 2 1
8 0 3 0
8 0 4 1
8 0 5 0
8 0 6 1
8 0 7 0
8 0 8 1
8 0 9 0
8 0 10 1
8 0 11 0
8 0 12 1
8 0 13 0
8 0 14 1
8 0 15 0
8 0 16 1
8 0 17 0
8 0 18 1
8 0 19 0
8 0 20 1
8 0 21 0
8 0 22 1
8 0 23 0
8 0 24 1
8 0 25 0
8 0 26 1
8 0 27 0
8 0 28 1
8 0 29 0
8 0 30 1
8 0 31 0
8 0 32 1
8 0 33 0
8 0 34 1
8 0 35 0
8 0 36 1
8 0 37 0
8 0 38 1
8 0 39 0
8 0 40 1
8 0 41 0
8 0 42 1
8 0 43 0
8 0 44 1
8 0 45 0
8 0 46 1
8 0 47 0
8 0 48 1
8 0 49 0
8 0 50 1
8 0 51 0
8 0 52 1
8 0 53 0
8 0 54 1
8 0 55 0
8 0 56 1
8 0 57 0
8 0 58 1
8 0 59 0
8 0 60 1
8 0 61 0
8 0 62 1
8 0 63 0
8 1 0 0
8 1 1 1
8 1 2 0
8 1 3 1
8 1 4 0
8 1 5 1
8 1 6 0
8 1 7 1
8 1 8 0
8 1 9 1
8 1 10 0
8 1 11 1
8 1 12 0
8 1 13 1
8 1 14 0
8 1 15 1
8 1 16 0
8 1 17 1
8 1 18 0
8 1 19 1
8 1 20 0
8 1 21 1
8 1 22 0
8 1 23 1
8 1 24 0
8 1 25 1
8 1 26 0
8 1 27 1
8 1 28 0
8 1 29 1
8 1 30 0
8 1 31 1
8 1 32 0
8 1 33 1
8 1 34 0
8 1 35 1
8 1 36 0
8 1 37 1
8 1 38 0
8 1 39 1
8 1 40 0
8 1 41 1
8 1 42 0
8 1 43 1
8 1 44 0
8 1 45 1
8 1 46 0
8 1 47 1
8 1 48 0
8 1 49 1
8 1 50 0
8 1 51 1
8 1 52 0
8 1 53 1
8 1 54 0
8 1 55 1
8 1 56 0
8 1 57 1
8 1 58 0
8 1 59 1
8 1 60 0
8 1 61 1
8 1 62 0
8 1 63 1
8 2 0 0
8 2 1 1
8 2 2 0
8 2 3 1
8 2 4 0
8 2 5 1
8 2 6 0
8 2 7 1
8 2 8 0
8 2 9 1
8 2 10 0
8 2 11 1
8 2 12 0
8 2 13 1
8 2 14 0
8 2 15 1
8 2 16 0
8 2 17 1
8 2 18 0
8 2 19 1
8 2 20 0
8 2 21 1
8 2 22 0
8 2 23 1
8 2 24 0
8 2 25 1
8 2 26 0
8 2 27 1
8 2 28 0
8 2 29 1
8 2 30 0
8 2 31 1
8 2 32 0
8 2 33 1
8 2 34 0
8 2 35 1
8 2 36 2
8 2 37 2
8 2 38 2
8 2 39 2
8 2 40 0
8 2 41 1
8 2 42 0
8 2 43 1
8 2 44 0
8 2 45 1
8 2 46 0
8 2 47 1
8 2 48 0
8 2 49 1
8 2 50 0
8 2 51 1
8 2 52 0
8 2 53 1
8 2 54 0
8 2 55 1
8 2 56 0
8 2 57 1
8 2 58 0
8 2 59 1
8 2 60 0
8 2 61 1
8 2 62 0
8 2 63 1
8 3 0 2
8 3 1 2
8 3 2 2
8 3 3 2
8 3 4 2
8 3 5 2
8 3 6 2
8 3 7 2
8 3 8 2
8 3 9 2
8 3 10 2
8 3 11 2
8 3 12 2
8 3 13 2
8 3 14 2
8 3 15 2
8 3 16 2
8 3 17 2
8 3 18 2
8 3 19 2
8 3 20 2
8 3 21 2
8 3 22 2
8 3 23 2
8 3 24 2
8 3 25 2
8 3 26 2
8 3 27 2
8 3 28 2
8 3 29 2
8 3 30 2
8 3 31 2
8 3 32 0
8 3 33 0
8 3 34 0
8 3 35 0
8 3 36 0
8 3 37 0
8 3 38 0
8 3 39 0
8 3 40 0
8 3 41 0
8 3 42 0
8 3 43 0
8 3 44 0
8 3 45 0
8 3 46 0
8 3 47 0
8 3 48 0
8 3 49 0
8 3 50 0
8 3 51 0
8 3 52 0
8 3 53 0
8 3 54 0
8 3 55 0
8 3 56 0
8 3 57 0
8 3 58 0
8 3 59 0
8 3 60 0
8 3 61 0
8 3 62 0
8 3 63 0
8 4 0 2
8 4 1 2
8 4 2 2
8 4 3 2
8 4 4 2
8 4 5 2
8 4 6 2
8 4 7 2
8 4 8 2
8 4 9 2
8 4 10 2
8 4 11 2
8 4 12 2
8 4 13 2
8 4 14 2
8 4 15 2
8 4 16 2
8 4 17 2
8 4 18 2
8 4 19 2
8 4 20 2
8 4 21 2
8 4 22 2
8 4 23 2
8 4 24 2
8 4 25 2
8 4 26 2
8 4 27 2
8 4 28 2
8 4 29 2
8 4 30 2
8 4 31 2
8 4 32 2
8 4 33 2
8 4 34 2
8 4 35 2
8 4 36 2
8 4 37 2
8 4 38 2
8 4 39 2
8 4 40 2
8 4 41 2
8 4 42 2
8 4 43 2
8 4 44 2
8 4 45 2
8 4 46 2
8 4 47 2
8 4 48 2
8 4 49 2
8 4 50 2
8 4 51 2
8 4 52 2
8 4 53 2
8 4 54 2
8 4 55 2
8 4 56 2
8 4 57 2
8 4 58 2
8 4 59 2
8 4 60 2
8 4 61 2
8 4 62 2
8 4 63 2
8 5 0 0
8 5 1 1
8 5 2 0
8 5 3 1
8 5 4 0
8 5 5 1
8 5 6 0
8 5 7 1
8 5 8 0
8 5 9 1
8 5 10 0
8 5 11 1
8 5 12 0
8 5 13 1
8 5 14 0
8 5 15 1
8 5 16 0
8 5 17 1
8 5 18 0
8 5 19 1
8 5 20 0
8 5 21 1
8 5 22 0
8 5 23 1
8 5 24 2
8 5 25 2
8 5 26 2
8 5 27 2
8 5 28 0
8 5 29 1
8 5 30 0
8 5 31 1
8 5 32 0
8 5 33 1
8 5 34 0
8 5 35 1
8 5 36 0
8 5 37 1
8 5 38 0
8 5 39 1
8 5 40 0
8 5 41 1
8 5 42 0
8 5 43 1
8 5 44 0
8 5 45 1
8 5 46 0
8 5 47 1
8 5 48 0
8 5 49 1
8 5 50 0
8 5 51 1
8 5 52 0
8 5 53 1
8 5 54 0
8 5 55 1
8 5 56 0
8 5 57 1
8 5 58 0
8 5 59 1
8 5 60 0
8 5 61 1
8 5 62 0
8 5 63 1
8 6 0 0
8 6 1 1
8 6 2 0
8 6 3 1
8 6 4 0
8 6 5 1
8 6 6 0
8 6 7 1
8 6 8 0
8 6 9 1
8 6 10 0
8 6 11 1
8 6 12 0
8 6 13 1
8 6 14 0
8 6 15 1
8 6 16 0
8 6 17 1
8 6 18 0
8 6 19 1
8 6 20 0
8 6 21 1
8 6 22 0
8 6 23 1
8 6 24 0
8 6 25 1
8 6 26 0
8 6 27 1
8 6 28 0
8 6 29 1
8 6 30 0
8 6 31 1
8 6 32 0
8 6 33 1
8 6 34 0
8 6 35 1
8 6 36 0
8 6 37 1
8 6 38 0
8 6 39 1
8 6 40 0
8 6 41 1
8 6 42 0
8 6 43 1
8 6 44 0
8 6 45 1
8 6 46 0
8 6 47 1
8 6 48 0
8 6 49 1
8 6 50 0
8 6 51 1
8 6 52 0
8 6 53 1
8 6 54 0
8 6 55 1
8 6 56 0
8 6 57 1
8 6 58 0
8 6 59 1
8 6 60 0
8 6 61 1
8 6 62 0
8 6 63 1
8 7 0 1
8 7 1 0
8 7 2 1
8 7 3 0
8 7 4 1
8 7 5 0
8 7 6 1
8 7 7 0
8 7 8 1
8 7 9 0
8 7 10 1
8 7 11 0
8 7 12 1
8 7 13 0
8 7 14 1
8 7 15 0
8 7 16 1
8 7 17 0
8 7 18 1
8 7 19 0
8 7 20 1
8 7 21 0
8 7 22 1
8 7 23 0
8 7 24 1
8 7 25 0
8 7 26 1
8 7 27 0
8 7 28 1
8 7 29 0
8 7 30 1
8 7 31 0
8 7 32 1
8 7 33 0
8 7 34 1
8 7 35 0
8 7 36 1
8 7 37 0
8 7 38 1
8 7 39 0
8 7 40 1
8 7 41 0
8 7 42 1
8 7 43 0
8 7 44 1
8 7 45 0
8 7 46 1
8 7 47 0
8 7 48 1
8 7 49 0
8 7 50 1
8 7 51 0
8 7 52 1
8 7 53 0
8 7 54 1
8 7 55 0
8 7 56 1
8 7 57 0
8 7 58 1
8 7 59 0
8 7 60 1
8 7 61 0
8 7 62 1
8 7 63 0
9 0 0 2
9 0 1 2
9 0 2 2
9 0 3 2
9 0 4 2
9 0 5 2
9 0 6 2
9 0 7 2
9 0 8 2
9 0 9 2
9 0 10 2
9 0 11 2
9 0 12 2
9 0 13 2
9 0 14 2
9 0 15 2
9 0 16 2
9 0 17 2
9 0 18 2
9 0 19 2
9 0 20 2
9 0 21 2
9 0 22 2
9 0 23 2
9 0 24 2
9 0 25 2
9 0 26 2
9 0 27 2
9 0 28 2
9 0 29 2
9 0 30 2
9 0 31 2
9 0 32 2
9 0 33 2
9 0 34 2
9 0 35 2
9 0 36 2
9 0 37 2
9 0 38 2
9 0 39 2
9 0 40 2
9 0 41 2
9 0 42 2
9 0 43 2
9 0 44 2
9 0 45 2
9 0 46 2
9 0 47 2
9 0 48 2
9 0 49 2
9 0 50 2
9 0 51 2
9 0 52 2
9 0 53 2
9 0 54 2
9 0 55 2
9 0 56 2
9 0 57 2
9 0 58 2
9 0 59 2
9 0 60 2
9 0 61 2
9 0 62 2
9 0 63 2
9 1 0 2
9 1 1 2
9 1 2 2
9 1 3 2
9 1 4 2
9 1 5 2
9 1 6 2
9 1 7 2
9 1 8 2
9 1 9 2
9 1 10 2
9 1 11 2
9 1 12 2
9 1 13 2
9 1 14 2
9 1 15 2
9 1 16 2
9 1 17 2
9 1 18 2
9 1 19 2
9 1 20 2
9 1 21 2
9 1 22 2
9 1 23 2
9 1 24 2
9 1 25 2
9 1 26 2
9 1 27 2
9 1 28 2
9 1 29 2
9 1 30 2
9 1 31 2
9 1 32 0
9 1 33 0
9 1 34 0
9 1 35 0
9 1 36 0
9 1 37 0
9 1 38 0
9 1 39 0
9 1 40 0
9 1 41 0
9 1 42 0
9 1 43 0
9 1 44 0
9 1 45 0
9 1 46 0
9 1 47 0
9 1 48 0
9 1 49 0
9 1 50 0
9 1 51 0
9 1 52 0
9 1 53 0
9 1 54 0
9 1 55 0
9 1 56 0
9 1 57 0
9 1 58 0
9 1 59 0
9 1 60 0
9 1 61 0
9 1 62 0
9 1 63 0
9 2 0 2
9 2 1 2
9 2 2 2
9 2 3 2
9 2 4 2
9 2 5 2
9 2 6 2
9 2 7 2
9 2 8 2
9 2 9 2
9 2 10 2
9 2 11 2
9 2 12 2
9 2 13 2
9 2 14 2
9 2 15 2
9 2 16 2
9 2 17 2
9 2 18 2
9 2 19 2
9 2 20 2
9 2 21 2
9 2 22 2
9 2 23 2
9 2 24 2
9 2 25 2
9 2 26 2
9 2 27 2
9 2 28 2
9 2 29 2
9 2 30 2
9 2 31 2
9 2 32 2
9 2 33 2
9 2 34 2
9 2 35 2
9 2 36 2
9 2 37 2
9 2 38 2
9 2 39 2
9 2 40 2
9 2 41 2
9 2 42 2
9 2 43 2
9 2 44 2
9 2 45 2
9 2 46 2
9 2 47 2
9 2 48 2
9 2 49 2
9 2 50 2
9 2 51 2
9 2 52 2
9 2 53 2
9 2 54 2
9 2 55 2
9 2 56 2
9 2 57 2
9 2 58 2
9 2 59 2
9 2 60 2
9 2 61 2
9 2 62 2
9 2 63 2
9 3 0 2
9 3 1 2
9 3 2 2
9 3 3 2
9 3 4 2
9 3 5 2
9 3 6 2
9 3 7 2
9 3 8 2
9 3 9 2
9 3 10 2
9 3 11 2
9 3 12 2
9 3 13 2
9 3 14 2
9 3 15 2
9 3 16 2
9 3 17 2
9 3 18 2
9 3 19 2
9 3 20 2
9 3 21 2
9 3 22 2
9 3 23 2
9 3 24 2
9 3 25 2
9 3 26 2
9 3 27 2
9 3 28 2
9 3 29 2
9 3 30 2
9 3 31 2
9 3 32 0
9 3 33 0
9 3 34 0
9 3 35 0
9 3 36 0
9 3 37 0
9 3 38 0
9 3 39 0
9 3 40 0
9 3 41 0
9 3 42 0
9 3 43 0
9 3 44 0
9 3 45 0
9 3 46 0
9 3 47 0
9 3 48 0
9 3 49 0
9 3 50 0
9 3 51 0
9 3 52 0
9 3 53 0
9 3 54 0
9 3 55 0
9 3 56 0
9 3 57 0
9 3 58 0
9 3 59 0
9 3 60 0
9 3 61 0
9 3 62 0
9 3 63 0
9 4 0 2
9 4 1 2
9 4 2 2
9 4 3 2
9 4 4 2
9 4 5 2
9 4 6 2
9 4 7 2
9 4 8 2
9 4 9 2
9 4 10 2
9 4 11 2
9 4 12 2
9 4 13 2
9 4 14 2
9 4 15 2
9 4 16 2
9 4 17 2
9 4 18 2
9 4 19 2
9 4 20 2
9 4 21 2
9 4 22 2
9 4 23 2
9 4 24 2
9 4 25 2
9 4 26 2
9 4 27 2
9 4 28 2
9 4 29 2
9 4 30 2
9 4 31 2
9 4 32 2
9 4 33 2
9 4 34 2
9 4 35 2
9 4 36 2
9 4 37 2
9 4 38 2
9 4 39 2
9 4 40 2
9 4 41 2
9 4 42 2
9 4 43 2
9 4 44 2
9 4 45 2
9 4 46 2
9 4 47 2
9 4 48 2
9 4 49 2
9 4 50 2
9 4 51 2
9 4 52 2
9 4 53 2
9 4 54 2
9 4 55 2
9 4 56 2
9 4 57 2
9 4 58 2
9 4 59 2
9 4 60 2
9 4 61 2
9 4 62 2
9 4 63 2
9 5 0 2
9 5 1 2
9 5 2 2
9 5 3 2
9 5 4 2
9 5 5 2
9 5 6 2
9 5 7 2
9 5 8 2
9 5 9 2
9 5 10 2
9 5 11 2
9 5 12 2
9 5 13 2
9 5 14 2
9 5 15 2
9 5 16 2
9 5 17 2
9 5 18 2
9 5 19 2
9 5 20 2
9 5 21 2
9 5 22 2
9 5 23 2
9 5 24 2
9 5 25 2
9 5 26 2
9 5 27 2
9 5 28 2
9 5 29 2
9 5 30 2
9 5 31 2
9 5 32 1
9 5 33 1
9 5 34 1
9 5 35 1
9 5 36 1
9 5 37 1
9 5 38 1
9 5 39 1
9 5 40 1
9 5 41 1
9 5 42 1
9 5 43 1
9 5 44 1
9 5 45 1
9 5 46 1
9 5 47 1
9 5 48 1
9 5 49 1
9 5 50 1
9 5 51 1
9 5 52 1
9 5 53 1
9 5 54 1
9 5 55 1
9 5 56 1
9 5 57 1
9 5 58 1
9 5 59 1
9 5 60 1
9 5 61 1
9 5 62 1
9 5 63 1
9 6 0 2
9 6 1 2
9 6 2 2
9 6 3 2
9 6 4 2
9 6 5 2
9 6 6 2
9 6 7 2
9 6 8 2
9 6 9 2
9 6 10 2
9 6 11 2
9 6 12 2
9 6 13 2
9 6 14 2
9 6 15 2
9 6 16 2
9 6 17 2
9 6 18 2
9 6 19 2
9 6 20 2
9 6 21 2
9 6 22 2
9 6 23 2
9 6 24 2
9 6 25 2
9 6 26 2
9 6 27 2
9 6 28 2
9 6 29 2
9 6 30 2
9 6 31 2
9 6 32 2
9 6 33 2
9 6 34 2
9 6 35 2
9 6 36 2
9 6 37 2
9 6 38 2
9 6 39 2
9 6 40 2
9 6 41 2
9 6 42 2
9 6 43 2
9 6 44 2
9 6 45 2
9 6 46 2
9 6 47 2
9 6 48 2
9 6 49 2
9 6 50 2
9 6 51 2
9 6 52 2
9 6 53 2
9 6 54 2
9 6 55 2
9 6 56 2
9 6 57 2
9 6 58 2
9 6 59 2
9 6 60 2
9 6 61 2
9 6 62 2
9 6 63 2
9 7 0 2
9 7 1 2
9 7 2 2
9 7 3 2
9 7 4 2
9 7 5 2
9 7 6 2
9 7 7 2
9 7 8 2
9 7 9 2
9 7 10 2
9 7 11 2
9 7 12 2
9 7 13 2
9 7 14 2
9 7 15 2
9 7 16 2
9 7 17 2
9 7 18 2
9 7 19 2
9 7 20 2
9 7 21 2
9 7 22 2
9 7 23 2
9 7 24 2
9 7 25 2
9 7 26 2
9 7 27 2
9 7 28 2
9 7 29 2
9 7 30 2
9 7 31 2
9 7 32 1
9 7 33 1
9 7 34 1
9 7 35 1
9 7 36 1
9 7 37 1
9 7 38 1
9 7 39 1
9 7 40 1
9 7 41 1
9 7 42 1
9 7 43 1
9 7 44 1
9 7 45 1
9 7 46 1
9 7 47 1
9 7 48 1
9 7 49 1
9 7 50 1
9 7 51 1
9 7 52 1
9 7 53 1
9 7 54 1
9 7 55 1
9 7 56 1
9 7 57 1
9 7 58 1
9 7 59 1
9 7 60 1
9 7 61 1
9 7 62 1
9 7 63 1
9 8 0 2
9 8 1 2
9 8 2 2
9 8 3 2
9 8 4 2
9 8 5 2
9 8 6 2
9 8 7 2
9 8 8 2
9 8 9 2
9 8 10 2
9 8 11 2
9 8 12 2
9 8 13 2
9 8 14 2
9 8 15 2
9 8 16 2
9 8 17 2
9 8 18 2
9 8 19 2
9 8 20 2
9 8 21 2
9 8 22 2
9 8 23 2
9 8 24 2
9 8 25 2
9 8 26 2
9 8 27 2
9 8 28 2
9 8 29 2
9 8 30 2
9 8 31 2
9 8 32 2
9 8 33 2
9 8 34 2
9 8 35 2
9 8 36 2
9 8 37 2
9 8 38 2
9 8 39 2
9 8 40 2
9 8 41 2
9 8 42 2
9 8 43 2
9 8 44 2
9 8 45 2
9 8 46 2
9 8 47 2
9 8 48 2
9 8 49 2
9 8 50 2
9 8 51 2
9 8 52 2
9 8 53 2
9 8 54 2
9 8 55 2
9 8 56 2
9 8 57 2
9 8 58 2
9 8 59 2
9 8 60 2
9 8 61 2
9 8 62 2
9 8 63 2
9 9 0 2
9 9 1 2
9 9 2 2
9 9 3 2
9 9 4 2
9 9 5 2
9 9 6 2
9 9 7 2
9 9 8 2
9 9 9 2
9 9 10 2
9 9 11 2
9 9 12 2
9 9 13 2
9 9 14 2
9 9 15 2
9 9 16 2
9 9 17 2
9 9 18 2
9 9 19 2
9 9 20 2
9 9 21 2
9 9 22 2
9 9 23 2
9 9 24 2
9 9 25 2
9 9 26 2
9 9 27 2
9 9 28 2
9 9 29 2
9 9 30 2
9 9 31 2
9 9 32 1
9 9 33 1
9 9 34 1
9 9 35 1
9 9 36 1
9 9 37 1
9 9 38 1
9 9 39 1
9 9 40 1
9 9 41 1
9 9 42 1
9 9 43 1
9 9 44 1
9 9 45 1
9 9 46 1
9 9 47 1
9 9 48 1
9 9 49 1
9 9 50 1
9 9 51 1
9 9 52 1
9 9 53 1
9 9 54 1
9 9 55 1
9 9 56 1
9 9 57 1
9 9 58 1
9 9 59 1
9 9 60 1
9 9 61 1
9 9 62 1
9 9 63 1
